time,icao24,lat,lon,velocity,heading,vertrate,callsign,onground,alert,spi,squawk,baroaltitude,geoaltitude,lastposupdate,lastcontact
1618203940,7c6d95,-33.95664538367322,151.17862701416016,80.12785272824526,167.39139320663378,11.3792,QFA455  ,False,False,False,,114.3,160.02,1618203938.959,1618203938.959
1618203950,7c6d95,-33.964466159626625,151.18011474609375,81.95821118167974,176.40123188319174,11.70432,QFA455  ,False,False,False,,236.22,289.56,1618203949.805,1618203949.805
1618203960,7c6d95,-33.97137451171875,151.17972237723214,82.47164706003635,183.57633437499732,11.05408,QFA455  ,False,False,False,,342.90000000000003,411.48,1618203959.305,1618203959.905
1618203970,7c6d95,-33.97956848144531,151.17904974489795,89.80253289875623,184.6000956662633,8.77824,QFA455  ,False,False,False,,434.34,502.92,1618203969.574,1618203969.574
1618203980,7c6d95,-33.98817443847656,151.17820895448023,96.98326886372432,184.25884612217035,9.10336,QFA455  ,False,False,False,,525.78,594.36,1618203979.741,1618203979.816
1618203990,7c6d95,-33.99755859375,151.17742421675703,104.6144357756663,183.3830057913306,10.72896,QFA455  ,False,False,False,,624.84,678.1800000000001,1618203989.998,1618203989.998
1618204000,7c6d95,-34.007108009467686,151.17679595947266,111.80490880091396,183.1652063888104,11.70432,QFA455  ,False,False,False,,723.9000000000001,792.4800000000001,1618203999.623,1618203999.947
1618204010,7c6d95,-34.01762881521455,151.17616653442383,115.84246290963438,182.2906100426385,14.630400000000002,QFA455  ,False,False,False,,861.0600000000001,929.64,1618204009.914,1618204009.918
1618204020,7c6d95,-34.027777203058804,151.17679595947266,119.28113847117866,175.05166624997565,15.280640000000002,QFA455  ,False,False,False,,998.22,1051.56,1618204019.5,1618204019.764
1618204030,7c6d95,-34.038299560546875,151.17899369220345,123.49442257280748,168.22197516671147,12.67968,QFA455  ,False,False,False,,1135.38,1203.96,1618204029.165,1618204029.852
1618204040,7c6d95,-34.05015563964844,151.1828052754305,128.96239963712102,164.0232091545408,12.35456,QFA455  ,False,False,False,,1280.16,1348.74,1618204039.819,1618204039.907
1618204050,7c6d95,-34.06178283691406,151.18667291135205,132.78735412751473,164.72541280312367,13.32992,QFA455  ,False,False,False,3604.0,1409.7,1470.66,1618204049.877,1618204049.877
1618204060,7c6d95,-34.07286071777344,151.19031633649553,134.41172466704325,164.6871816391937,18.531840000000003,QFA455  ,False,False,False,3604.0,1569.72,1630.68,1618204059.76,1618204059.76
1618204070,7c6d95,-34.08503723144531,151.19384765625,136.71536831216162,168.05582281155367,16.256,QFA455  ,False,False,False,3604.0,1737.36,1798.32,1618204069.972,1618204069.972
1618204080,7c6d95,-34.097000380693885,151.1949348449707,134.27086952128744,179.78047701474034,22.7584,QFA455  ,False,False,False,3604.0,1927.86,1996.44,1618204079.649,1618204079.827
1618204090,7c6d95,-34.108795166015625,151.19295081313777,131.97067938819552,190.78429786756257,18.531840000000003,QFA455  ,False,False,False,3604.0,2141.2200000000003,2186.94,1618204089.899,1618204089.936
1618204100,7c6d95,-34.11985752946242,151.18675231933594,137.4595908250634,210.59600946706263,5.52704,QFA455  ,False,False,False,3604.0,2232.6600000000003,2301.24,1618204099.89,1618204099.89
1618204110,7c6d95,-34.12925720214844,151.1766394790338,144.42688901521117,225.7215711634156,8.77824,QFA455  ,False,False,False,3604.0,2308.86,2377.44,1618204109.782,1618204109.944
1618204120,7c6d95,-34.13768005371094,151.1641397281569,150.21852889467743,232.9338846982621,9.7536,QFA455  ,False,False,False,3604.0,2400.3,2468.88,1618204119.814,1618204119.957
1618204130,7c6d95,-34.145740573689125,151.15041732788086,155.43106269558783,234.8370872565107,10.72896,QFA455  ,False,False,False,3604.0,2499.36,2567.94,1618204129.757,1618204129.977
1618204140,7c6d95,-34.15384066306939,151.1367416381836,159.91514702539408,234.1623470457217,10.07872,QFA455  ,False,False,False,3604.0,2598.42,2674.62,1618204139.758,1618204139.841
1618204150,7c6d95,-34.16258239746094,151.122380470743,163.90189069403323,233.1660695682093,10.72896,QFA455  ,False,False,False,3604.0,2705.1,2781.3,1618204149.798,1618204149.964
1618204160,7c6d95,-34.17162361791577,151.1081314086914,163.92045870954894,232.26695440581167,17.231360000000002,QFA455  ,False,False,False,3604.0,2865.1200000000003,2941.32,1618204159.838,1618204159.971
1618204170,7c6d95,-34.180572509765625,151.09418596540178,164.64217424236963,232.2349286439449,13.98016,QFA455  ,False,False,False,3604.0,3009.9,3093.7200000000003,1618204169.915,1618204169.962
1618204180,7c6d95,-34.18991864737819,151.07986450195312,166.55040083299582,231.39546985660544,14.630400000000002,QFA455  ,False,False,False,3604.0,3147.06,3230.88,1618204179.94,1618204179.947
1618204190,7c6d95,-34.19922909494176,151.0660743713379,167.8420361780133,230.8465112725889,14.630400000000002,QFA455  ,False,False,False,3604.0,3291.84,3375.6600000000003,1618204189.626,1618204189.865
1618204200,7c6d95,-34.208953857421875,151.05181012834822,169.5450086739087,230.4170221138566,13.98016,QFA455  ,False,False,False,3604.0,3429.0,3520.44,1618204199.709,1618204199.97
1618204210,7c6d95,-34.2185017213983,151.03797912597656,171.32221056923146,230.23848563070356,13.0048,QFA455  ,False,False,False,3604.0,3558.54,3657.6,1618204209.48,1618204209.741
1618204220,7c6d95,-34.228729248046875,151.02322325414542,172.7712516237013,230.1944289077348,14.305280000000002,QFA455  ,False,False,False,3604.0,3695.7,3787.14,1618204219.712,1618204219.971
1618204230,7c6d95,-34.23865884037343,151.0089111328125,173.82574800200666,230.0424510691709,14.955520000000002,QFA455  ,False,False,False,3604.0,3840.48,3939.54,1618204229.671,1618204229.89
1618204240,7c6d95,-34.24894688493117,150.99409103393555,175.66963260735557,230.10849604451465,14.955520000000002,QFA455  ,False,False,False,3604.0,3992.88,4099.56,1618204239.935,1618204239.988
1618204250,7c6d95,-34.25885009765625,150.97983846859057,177.1189676457438,230.0665843162299,14.955520000000002,QFA455  ,False,False,False,3604.0,4137.66,4244.34,1618204249.61,1618204249.747
1618204260,7c6d95,-34.269287109375,150.96470424107144,178.6335955323492,230.2578091689547,15.93088,QFA455  ,False,False,False,3604.0,4290.06,4396.740000000001,1618204259.74,1618204259.958
1618204270,7c6d95,-34.279632568359375,150.94968211894133,180.80712379224556,230.1944289077348,13.65504,QFA455  ,False,False,False,3604.0,4434.84,4541.52,1618204269.724,1618204269.995
1618204280,7c6d95,-34.29011535644531,150.9344918387277,182.65152921239363,230.25641494144523,13.65504,QFA455  ,False,False,False,3604.0,4572.0,4686.3,1618204279.804,1618204279.89
1618204290,7c6d95,-34.30085263009801,150.91896057128906,185.2205595020989,230.2963060754637,14.955520000000002,QFA455  ,False,False,False,3604.0,4709.16,4815.84,1618204289.947,1618204289.947
1618204300,7c6d95,-34.31132688360702,150.90373992919922,186.34096234564603,230.37670542805077,14.630400000000002,QFA455  ,False,False,False,3604.0,4853.9400000000005,4975.860000000001,1618204299.792,1618204299.924
1618204310,7c6d95,-34.322266659494176,150.88777542114258,187.4617277201503,230.4561435786254,16.256,QFA455  ,False,False,False,3604.0,5006.34,5128.26,1618204309.895,1618204309.938
1618204320,7c6d95,-34.33283401747883,150.8723258972168,188.18597785854172,230.43508179923128,15.280640000000002,QFA455  ,False,False,False,3604.0,5158.740000000001,5288.280000000001,1618204319.678,1618204319.982
1618204330,7c6d95,-34.343634136652554,150.8565330505371,189.3070041402696,230.51340002866755,15.60576,QFA455  ,False,False,False,3604.0,5311.14,5440.68,1618204329.694,1618204329.898
1618204340,7c6d95,-34.35471356925319,150.84022521972656,190.42837996696775,230.59079601599743,13.0048,QFA455  ,False,False,False,3604.0,5448.3,5570.22,1618204339.784,1618204339.984
1618204350,7c6d95,-34.365467136189125,150.82448959350586,191.87657803128647,230.5484662937181,14.305280000000002,QFA455  ,False,False,False,3604.0,5585.46,5722.62,1618204349.688,1618204349.914
1618204360,7c6d95,-34.37681579589844,150.80786880181762,193.32487925565883,230.50677077864864,12.67968,QFA455  ,False,False,False,3604.0,5722.62,5844.54,1618204359.951,1618204359.951
1618204370,7c6d95,-34.387939453125,150.79155746771366,194.44622189408955,230.58260575653105,13.65504,QFA455  ,False,False,False,3604.0,5852.16,5981.7,1618204369.964,1618204369.99
1618204380,7c6d95,-34.39875198622883,150.7756805419922,195.1703177010902,230.5618284656437,13.98016,QFA455  ,False,False,False,3604.0,5981.700000000001,6118.860000000001,1618204379.706,1618204379.848
1618204390,7c6d95,-34.4102783203125,150.7587666414222,196.29190412057525,230.6366358751278,14.305280000000002,QFA455  ,False,False,False,3604.0,6134.1,6263.64,1618204389.976,1618204389.976
1618204400,7c6d95,-34.421539306640625,150.7422310965402,197.34275685370537,230.5004114702019,13.32992,QFA455  ,False,False,False,3604.0,6263.64,6393.18,1618204399.905,1618204399.905
1618204410,7c6d95,-34.4326171875,150.72597581513074,198.46406763361912,230.57474711562008,12.02944,QFA455  ,False,False,False,3604.0,6385.56,6530.34,1618204409.74,1618204409.899
1618204420,7c6d95,-34.44367489572301,150.7097053527832,199.9123029560668,230.5342351480633,11.3792,QFA455  ,False,False,False,3604.0,6492.240000000001,6629.4,1618204419.482,1618204419.855
1618204430,7c6d95,-34.45527648925781,150.69273656728316,201.03376256266085,230.60743196069177,12.67968,QFA455  ,False,False,False,3604.0,6621.780000000001,6774.18,1618204429.529,1618204429.807
1618204440,7c6d95,-34.467090671345375,150.6753158569336,201.43159764725985,230.700297400052,12.35456,QFA455  ,False,False,False,3604.0,6743.700000000001,6888.4800000000005,1618204439.934,1618204439.945
1618204450,7c6d95,-34.47840286513508,150.65866470336914,202.1555466300485,230.67981653552877,11.70432,QFA455  ,False,False,False,3604.0,6858.0,7010.4,1618204449.698,1618204449.969
1618204460,7c6d95,-34.49018058130298,150.6412696838379,202.87952125923505,230.65948184016247,11.3792,QFA455  ,False,False,False,3604.0,6979.92,7124.7,1618204459.976,1618204459.976
1618204470,7c6d95,-34.50196838378906,150.6240159638074,203.93016977002455,230.52754015165615,11.70432,QFA455  ,False,False,False,3604.0,7094.22,7239.0,1618204469.987,1618204469.987
1618204480,7c6d95,-34.5135498046875,150.6069374084473,205.3785189149432,230.48843930728503,10.40384,QFA455  ,False,False,False,3604.0,7200.900000000001,7353.3,1618204479.93,1618204479.998
1618204490,7c6d95,-34.52486199847726,150.5902862548828,206.89732756184037,230.65045063385773,10.07872,QFA455  ,False,False,False,3604.0,7292.34,7452.360000000001,1618204489.632,1618204489.793
1618204500,7c6d95,-34.537198341498936,150.57214736938477,208.01929748675167,230.72056282236736,10.07872,QFA455  ,False,False,False,3604.0,7406.64,7559.04,1618204499.872,1618204499.919
1618204510,7c6d95,-34.5488829531912,150.55492401123047,209.4671686251292,230.68089081796597,10.40384,QFA455  ,False,False,False,3604.0,7498.08,7658.1,1618204509.677,1618204509.935
1618204520,7c6d95,-34.56120300292969,150.53668586575256,210.1911414643263,230.6612597765956,9.7536,QFA455  ,False,False,False,3604.0,7597.14,7757.160000000001,1618204519.977,1618204519.977
1618204530,7c6d95,-34.57309011685646,150.51910400390625,211.31315670904752,230.73022170114183,10.07872,QFA455  ,False,False,False,3604.0,7696.200000000001,7856.220000000001,1618204529.979,1618204529.993
1618204540,7c6d95,-34.5849609375,150.50159454345703,212.4354748456572,230.7984550579996,10.07872,QFA455  ,False,False,False,3604.0,7795.26,7955.280000000001,1618204539.685,1618204539.756
1618204550,7c6d95,-34.597412109375,150.48309948979593,213.1592987256577,230.7786981243735,9.10336,QFA455  ,False,False,False,3604.0,7894.320000000001,8054.340000000001,1618204549.994,1618204549.994
1618204560,7c6d95,-34.609130859375,150.46577920719068,214.2089466843056,230.65250348571027,9.7536,QFA455  ,False,False,False,3604.0,7978.14,8145.780000000001,1618204559.737,1618204559.742
1618204570,7c6d95,-34.62135314941406,150.44767418686226,215.33092039290676,230.7202242988668,9.42848,QFA455  ,False,False,False,3604.0,8069.580000000001,8237.220000000001,1618204569.68,1618204569.784
1618204580,7c6d95,-34.633980443922155,150.42898178100586,216.05484345331587,230.70099424673447,9.10336,QFA455  ,False,False,False,3604.0,8168.64,8336.28,1618204579.924,1618204579.978
1618204590,7c6d95,-34.64598083496094,150.41129598812182,216.77879068888137,230.6818926325468,9.10336,QFA455  ,False,False,False,3604.0,8252.460000000001,8420.1,1618204589.452,1618204589.826
1618204600,7c6d95,-34.65879821777344,150.39229412468111,217.1770297691716,230.76788889791413,8.77824,QFA455  ,False,False,False,3604.0,8351.52,8511.539999999999,1618204599.961,1618204599.961
1618204610,7c6d95,-34.67120361328125,150.37390884088012,217.900892352536,230.74866341728776,8.45312,QFA455  ,False,False,False,3604.0,8435.34,8602.98,1618204609.843,1618204609.843
1618204620,7c6d95,-34.68365478515625,150.35546750438456,218.6247793074241,230.7295652492278,8.77824,QFA455  ,False,False,False,3604.0,8526.78,8686.8,1618204619.847,1618204619.847
1618204630,7c6d95,-34.69610595703125,150.33697011519453,219.02328691219228,230.8147499513123,8.128,QFA455  ,False,False,False,3604.0,8602.98,8770.619999999999,1618204629.99,1618204629.99
1618204640,7c6d95,-34.70785884533899,150.31951904296875,219.74708954792484,230.7955316382186,8.128,QFA455  ,False,False,False,3604.0,8679.18,8846.82,1618204639.499,1618204639.572
1618204650,7c6d95,-34.72087097167969,150.30014349489795,220.86968811640696,230.860827547736,7.80288,QFA455  ,False,False,False,3604.0,8763.0,8930.64,1618204649.657,1618204649.909
1618204660,7c6d95,-34.732903949284946,150.28226852416992,220.1459698879379,230.88016252588255,11.3792,QFA455  ,False,False,False,3604.0,8862.060000000001,9022.080000000002,1618204659.297,1618204659.677
1618204670,7c6d95,-34.74559020996094,150.2633168746014,219.02328691219228,230.8147499513123,11.70432,QFA455  ,False,False,False,3604.0,8976.36,9144.0,1618204669.509,1618204669.841
1618204680,7c6d95,-34.75813526218224,150.2446746826172,218.29950908184344,230.83409570425135,11.3792,QFA455  ,False,False,False,3604.0,9098.28,9265.92,1618204679.791,1618204679.815
1618204690,7c6d95,-34.77051815744176,150.22624969482422,217.2513518487612,230.9587905632412,11.05408,QFA455  ,False,False,False,3604.0,9204.96,9372.6,1618204689.763,1618204690.0
1618204700,7c6d95,-34.783172607421875,150.20737628547514,216.85202883079089,230.87317461596243,10.40384,QFA455  ,False,False,False,3604.0,9319.26,9479.28,1618204699.989,1618204699.989
1618204710,7c6d95,-34.79521179199219,150.18943942323023,216.1283269151296,230.8929103601636,10.07872,QFA455  ,False,False,False,3604.0,9418.32,9578.34,1618204709.73,1618204709.73
1618204720,7c6d95,-34.80711364746094,150.1717267717634,215.72937869832563,230.8067269055316,10.07872,QFA455  ,False,False,False,3604.0,9517.38,9685.02,1618204719.471,1618204719.728
1618204730,7c6d95,-34.819610595703125,150.15317332987885,215.00559070973804,230.8263420295558,9.7536,QFA455  ,False,False,False,3604.0,9616.44,9784.08,1618204729.769,1618204729.936
1618204740,7c6d95,-34.83192055912343,150.13486862182617,214.28182809057265,230.8460896607836,9.7536,QFA455  ,False,False,False,3604.0,9715.5,9883.14,1618204739.686,1618204739.957
1618204750,7c6d95,-34.84405517578125,150.1167951311384,213.5580910987655,230.8659711417265,9.7536,QFA455  ,False,False,False,3604.0,9814.56,9974.580000000002,1618204749.793,1618204749.984
1618204760,7c6d95,-34.85603461831306,150.098876953125,212.8343799957517,230.88598783302828,9.7536,QFA455  ,False,False,False,3604.0,9913.62,10073.64,1618204759.637,1618204759.826
1618204770,7c6d95,-34.86832440909694,150.08056640625,212.1106950465252,230.9061411137705,9.7536,QFA455  ,False,False,False,3604.0,10012.68,10172.7,1618204769.877,1618204769.992
1618204780,7c6d95,-34.88024178197827,150.06282806396484,211.38703651969888,230.92643238178528,8.128,QFA455  ,False,False,False,3604.0,10104.12,10264.14,1618204779.925,1618204779.925
1618204790,7c6d95,-34.8922119140625,150.04487952407527,211.38703651969888,230.92643238178528,9.42848,QFA455  ,False,False,False,3604.0,10187.94,10347.96,1618204789.77,1618204789.968
1618204800,7c6d95,-34.90443420410156,150.02660634566328,211.0631512114732,231.03484978953213,9.10336,QFA455  ,False,False,False,3604.0,10279.38,10439.4,1618204799.896,1618204799.908
1618204810,7c6d95,-34.9156494140625,150.00984659000318,210.66340468756687,230.9468630539735,8.128,QFA455  ,False,False,False,3604.0,10363.2,10523.22,1618204809.519,1618204809.643
1618204820,7c6d95,-34.92768859863281,149.99179762236926,210.3396633318417,231.0556848659339,9.10336,QFA455  ,False,False,False,3604.0,10447.02,10614.66,1618204819.542,1618204819.761
1618204830,7c6d95,-34.939453125,149.97414102359693,209.9397998261672,230.9674345666301,7.477760000000001,QFA455  ,False,False,False,3604.0,10523.22,10690.86,1618204829.356,1618204829.584
1618204840,7c6d95,-34.95204162597656,149.95519521285078,210.3396633318417,231.0556848659339,6.1772800000000005,QFA455  ,False,False,False,3604.0,10591.8,10751.820000000002,1618204839.921,1618204839.921
1618204850,7c6d95,-34.963570287672155,149.93785858154297,210.3396633318417,231.0556848659339,7.152640000000001,QFA455  ,False,False,False,3604.0,10660.38,10828.02,1618204849.694,1618204849.873
1618204860,7c6d95,-34.975433349609375,149.91999412069515,210.01668307971576,231.16484178223544,7.477760000000001,QFA455  ,False,False,False,3604.0,10736.58,10904.22,1618204859.712,1618204859.911
1618204870,7c6d95,-34.98724365234375,149.90211331114477,209.61620345837864,231.0766637636044,7.477760000000001,QFA455  ,False,False,False,3604.0,10812.78,10980.42,1618204869.638,1618204869.891
1618204880,7c6d95,-34.99937438964844,149.8838961854273,209.61620345837864,231.0766637636044,6.827520000000001,QFA455  ,False,False,False,3604.0,10873.74,11041.38,1618204879.901,1618204879.978
1618204890,7c6d95,-35.01145935058594,149.86573511240434,209.61620345837864,231.0766637636044,6.502400000000001,QFA455  ,False,False,False,3604.0,10942.32,11109.96,1618204889.964,1618204889.964
1618204900,7c6d95,-35.02306404760327,149.84825134277344,209.61620345837864,231.0766637636044,6.1772800000000005,QFA455  ,False,False,False,3604.0,11003.28,11170.92,1618204899.926,1618204899.968
1618204910,7c6d95,-35.03488831600902,149.8303985595703,209.61620345837864,231.0766637636044,6.502400000000001,QFA455  ,False,False,False,3604.0,11064.24,11239.5,1618204909.851,1618204909.923
1618204920,7c6d95,-35.04634094238281,149.81310163225447,209.29337127299544,231.1862303289209,5.8521600000000005,QFA455  ,False,False,False,3604.0,11125.2,11300.46,1618204919.565,1618204919.819
1618204930,7c6d95,-35.05815124511719,149.7952768753986,209.29337127299544,231.1862303289209,5.52704,QFA455  ,False,False,False,3604.0,11178.54,11353.8,1618204929.623,1618204929.842
1618204940,7c6d95,-35.06996154785156,149.77739606584822,210.01668307971576,231.16484178223544,4.22656,QFA455  ,False,False,False,3604.0,11231.88,11407.14,1618204939.678,1618204939.867
1618204950,7c6d95,-35.08172607421875,149.7596834143814,210.7400239520537,231.1436000600554,5.20192,QFA455  ,False,False,False,3604.0,11269.98,11452.86,1618204949.424,1618204949.846
1618204960,7c6d95,-35.093994140625,149.74112997249682,211.14087885895063,231.23118164244835,3.5763200000000004,QFA455  ,False,False,False,3604.0,11315.7,11498.58,1618204959.891,1618204959.969
1618204970,7c6d95,-35.10612487792969,149.7228007413903,211.14087885895063,231.23118164244835,5.52704,QFA455  ,False,False,False,3604.0,11361.42,11544.3,1618204969.933,1618204969.933
1618204980,7c6d95,-35.117889404296875,149.70497598453443,210.41765823372663,231.25268394146107,7.80288,QFA455  ,False,False,False,3604.0,11430.0,11612.88,1618204979.846,1618204979.987
1618204990,7c6d95,-35.12948246325476,149.68740463256836,210.01668307971576,231.16484178223544,5.8521600000000005,QFA455  ,False,False,False,3604.0,11483.34,11666.22,1618204989.651,1618204989.967
1618205000,7c6d95,-35.14116707494702,149.6697235107422,209.29337127299544,231.1862303289209,6.827520000000001,QFA455  ,False,False,False,3604.0,11551.92,11742.42,1618204999.643,1618204999.985
1618205010,7c6d95,-35.1529541015625,149.65189408282845,208.57008883428756,231.207767221662,6.1772800000000005,QFA455  ,False,False,False,3604.0,11612.88,11803.38,1618205009.618,1618205009.672
1618205020,7c6d95,-35.16500182070973,149.63361740112305,207.8468360701837,231.229454003021,5.8521600000000005,QFA455  ,False,False,False,3604.0,11673.84,11864.34,1618205019.759,1618205019.887
1618205030,7c6d95,-35.17673298463984,149.6158790588379,207.8468360701837,231.229454003021,4.55168,QFA455  ,False,False,False,3604.0,11719.56,11910.06,1618205029.911,1618205029.96
1618205040,7c6d95,-35.18818483514303,149.59848403930664,207.8468360701837,231.229454003021,4.22656,QFA455  ,False,False,False,3604.0,11757.66,11955.78,1618205039.872,1618205039.998
1618205050,7c6d95,-35.199776342359655,149.58091735839844,208.57008883428756,231.207767221662,2.60096,QFA455  ,False,False,False,3604.0,11795.76,11993.88,1618205049.535,1618205049.871
1618205060,7c6d95,-35.211822509765625,149.5627142458546,209.29337127299544,231.1862303289209,2.92608,QFA455  ,False,False,False,3604.0,11818.62,12016.740000000002,1618205059.637,1618205059.899
1618205070,7c6d95,-35.223724365234375,149.54455317283163,210.0960575619564,231.36210217677805,3.2512000000000003,QFA455  ,False,False,False,3604.0,11849.1,12047.22,1618205069.884,1618205069.961
1618205080,7c6d95,-35.23506293862556,149.5273151803524,210.41765823372663,231.25268394146107,3.5763200000000004,QFA455  ,False,False,False,3604.0,11879.58,12077.7,1618205079.503,1618205079.691
1618205090,7c6d95,-35.24729919433594,149.50870513916016,210.8191260929219,231.3401917459099,3.2512000000000003,QFA455  ,False,False,False,3604.0,11910.06,12115.8,1618205089.886,1618205089.949
1618205100,7c6d95,-35.2591552734375,149.49068069458008,210.8191260929219,231.3401917459099,3.90144,QFA455  ,False,False,False,3604.0,11948.16,12153.9,1618205099.89,1618205099.948
1618205110,7c6d95,-35.270782470703125,149.4729995727539,210.8191260929219,231.3401917459099,4.22656,QFA455  ,False,False,False,3604.0,11986.26,12192.0,1618205109.614,1618205109.747
1618205120,7c6d95,-35.28273010253906,149.45480346679688,210.8191260929219,231.3401917459099,4.22656,QFA455  ,False,False,False,3604.0,12031.98,12237.72,1618205119.668,1618205119.847
1618205130,7c6d95,-35.29488256422144,149.4362104699967,210.49813878772136,231.44953470384223,4.22656,QFA455  ,False,False,False,3604.0,12070.08,12275.82,1618205129.981,1618205129.981
1618205140,7c6d95,-35.30657958984375,149.41835403442383,210.0960575619564,231.36210217677805,3.90144,QFA455  ,False,False,False,3604.0,12115.8,12321.54,1618205139.783,1618205139.811
1618205150,7c6d95,-35.31811213089247,149.40073865525267,209.7752254553589,231.471855503842,4.22656,QFA455  ,False,False,False,3604.0,12153.9,12359.64,1618205149.631,1618205149.905
1618205160,7c6d95,-35.32998295153601,149.38256446351397,209.3730199669648,231.38416393951243,2.92608,QFA455  ,False,False,False,3604.0,12192.0,12397.74,1618205159.766,1618205159.793
1618205170,7c6d95,-35.342039981130824,149.3642149580286,210.49813878772136,231.44953470384223,-0.32512,QFA455  ,False,False,False,3604.0,12192.0,12405.36,1618205169.992,1618205169.992
1618205180,7c6d95,-35.35386424953657,149.34609920420547,211.54222524263625,231.31843110148975,0.0,QFA455  ,False,False,False,3604.0,12192.0,12397.74,1618205179.967,1618205179.967
1618205190,7c6d95,-35.36576843261719,149.32794570922852,211.9440603110658,231.40534992045116,0.0,QFA455  ,False,False,False,3604.0,12184.38,12397.740000000002,1618205189.915,1618205189.982
1618205200,7c6d95,-35.37741968187237,149.31015988613697,211.9440603110658,231.40534992045116,0.0,QFA455  ,False,False,False,3604.0,12184.38,12390.12,1618205199.773,1618205199.987
1618205210,7c6d95,-35.38929748535156,149.29195404052734,211.9440603110658,231.40534992045116,0.0,QFA455  ,False,False,False,3604.0,12184.38,12397.740000000002,1618205209.804,1618205209.898
1618205220,7c6d95,-35.40129089355469,149.27358627319336,211.9440603110658,231.40534992045116,0.0,QFA455  ,False,False,False,3604.0,12184.38,12397.740000000002,1618205219.858,1618205219.971
1618205230,7c6d95,-35.41319274902344,149.2554473876953,211.54222524263625,231.31843110148975,0.0,QFA455  ,False,False,False,3604.0,12184.38,12397.740000000002,1618205229.857,1618205229.877
1618205240,7c6d95,-35.42457709878181,149.23798906042222,211.54222524263625,231.31843110148975,0.32512,QFA455  ,False,False,False,3604.0,12192.0,12405.36,1618205239.407,1618205239.973
1618205250,7c6d95,-35.436680680614415,149.21946424119017,211.54222524263625,231.31843110148975,-0.32512,QFA455  ,False,False,False,3604.0,12192.0,12405.36,1618205249.6,1618205249.898
1618205260,7c6d95,-35.44880676269531,149.2009162902832,211.54222524263625,231.31843110148975,0.0,QFA455  ,False,False,False,3604.0,12192.0,12405.36,1618205259.79,1618205259.979
1618205270,7c6d95,-35.46034240722656,149.18329238891602,211.62352870697984,231.5142102829997,-0.32512,QFA455  ,False,False,False,3604.0,12192.0,12405.36,1618205269.652,1618205269.929
1618205280,7c6d95,-35.472381591796875,149.1646957397461,211.62352870697984,231.5142102829997,0.0,QFA455  ,False,False,False,3604.0,12192.0,12405.36,1618205279.72,1618205279.976
1618205290,7c6d95,-35.48430361990205,149.14635840882647,211.303763357176,231.62340051682784,0.0,QFA455  ,False,False,False,3604.0,12192.0,12397.74,1618205289.849,1618205289.909
1618205300,7c6d95,-35.4960347838321,149.1283010929189,211.303763357176,231.62340051682784,0.0,QFA455  ,False,False,False,3604.0,12192.0,12405.36,1618205299.779,1618205299.876
1618205310,7c6d95,-35.50794982910156,149.10993576049805,211.303763357176,231.62340051682784,0.32512,QFA455  ,False,False,False,3604.0,12192.0,12405.36,1618205309.78,1618205309.965
1618205320,7c6d95,-35.51976013183594,149.09191131591797,210.90070831642785,231.53663364879708,0.0,QFA455  ,False,False,False,3604.0,12192.0,12405.36,1618205319.856,1618205319.939
1618205330,7c6d95,-35.53143310546875,149.07371520996094,210.90070831642785,231.53663364879708,0.0,QFA455  ,False,False,False,3604.0,12192.0,12405.36,1618205329.692,1618205329.942
1618205340,7c6d95,-35.543243408203125,149.0555191040039,211.22108384784764,231.42736669501772,0.0,QFA455  ,False,False,False,3604.0,12192.0,12405.36,1618205339.705,1618205339.897
1618205350,7c6d95,-35.555419921875,149.03680801391602,211.303763357176,231.62340051682784,0.0,QFA455  ,False,False,False,3604.0,12192.0,12405.36,1618205349.991,1618205349.991
1618205360,7c6d95,-35.56663513183594,149.01947021484375,211.303763357176,231.62340051682784,0.0,QFA455  ,False,False,False,3604.0,12192.0,12405.36,1618205359.581,1618205359.875
1618205370,7c6d95,-35.578804662672155,149.00073112325467,210.90070831642785,231.53663364879708,0.0,QFA455  ,False,False,False,3604.0,12192.0,12405.36,1618205369.877,1618205369.98
1618205380,7c6d95,-35.590582378840054,148.98255693151597,210.90070831642785,231.53663364879708,0.0,QFA455  ,False,False,False,3604.0,12192.0,12405.36,1618205379.914,1618205379.914
1618205390,7c6d95,-35.60236009500795,148.96438273977728,210.90070831642785,231.53663364879708,0.0,QFA455  ,False,False,False,3604.0,12192.0,12405.36,1618205389.863,1618205389.949
1618205400,7c6d95,-35.614013671875,148.94634246826172,210.58110214390263,231.6462326786065,0.0,QFA455  ,False,False,False,3604.0,12184.38,12397.740000000002,1618205399.621,1618205399.872
1618205410,7c6d95,-35.62600863181939,148.9278590425532,210.1779204504236,231.5592112429945,0.0,QFA455  ,False,False,False,3604.0,12184.38,12397.740000000002,1618205409.846,1618205409.992
1618205420,7c6d95,-35.63755358679822,148.91009391622342,210.1779204504236,231.5592112429945,0.0,QFA455  ,False,False,False,3604.0,12184.38,12397.740000000002,1618205419.819,1618205419.82
1618205430,7c6d95,-35.64942440744176,148.8918028486536,209.7752254553589,231.471855503842,0.0,QFA455  ,False,False,False,3604.0,12184.38,12397.740000000002,1618205429.849,1618205429.919
1618205440,7c6d95,-35.66101591465838,148.8739208464927,209.4551654456741,231.581944655178,0.0,QFA455  ,False,False,False,3604.0,12192.0,12405.36,1618205439.72,1618205439.975
1618205450,7c6d95,-35.67256164550781,148.8559913635254,209.13588107773623,231.69237035788245,0.0,QFA455  ,False,False,False,3604.0,12192.0,12405.36,1618205449.782,1618205449.931
1618205460,7c6d95,-35.68400573730469,148.83825302124023,209.13588107773623,231.69237035788245,-0.32512,QFA455  ,False,False,False,3604.0,12192.0,12405.36,1618205459.47,1618205459.89
1618205470,7c6d95,-35.69622802734375,148.81919860839844,208.81737590944303,231.80313333350307,0.0,QFA455  ,False,False,False,3604.0,12184.38,12397.740000000002,1618205469.895,1618205469.969
1618205480,7c6d95,-35.707672119140625,148.8013458251953,208.09498261550868,231.8268623384737,0.0,QFA455  ,False,False,False,3604.0,12184.38,12397.740000000002,1618205479.849,1618205479.899
1618205490,7c6d95,-35.719482421875,148.78297805786133,207.69079750977772,231.73915010690465,0.0,QFA455  ,False,False,False,3604.0,12192.0,12405.36,1618205489.954,1618205489.954
1618205500,7c6d95,-35.730658062433804,148.76551851313167,207.37262526261424,231.8507566617799,-0.32512,QFA455  ,False,False,False,3604.0,12184.38,12397.740000000002,1618205499.802,1618205499.91
1618205510,7c6d95,-35.74241638183594,148.7471580505371,206.96830818766807,231.76278494091503,0.0,QFA455  ,False,False,False,3604.0,12184.38,12397.740000000002,1618205509.876,1618205509.893
1618205520,7c6d95,-35.75346865896455,148.72998826047208,206.56448093774677,231.6744690471176,0.0,QFA455  ,False,False,False,3604.0,12184.38,12397.740000000002,1618205519.434,1618205519.671
1618205530,7c6d95,-35.7651998228946,148.7118140687334,206.16114639124947,231.58580737879603,0.0,QFA455  ,False,False,False,3604.0,12192.0,12405.36,1618205529.722,1618205529.909
1618205540,7c6d95,-35.77632580773309,148.69451644572806,205.4384304997615,231.6090788427572,0.0,QFA455  ,False,False,False,3604.0,12192.0,12397.74,1618205539.469,1618205539.686
1618205550,7c6d95,-35.7879638671875,148.67640069190492,204.80105451051503,231.8346899223469,-0.32512,QFA455  ,False,False,False,3604.0,12184.38,12397.740000000002,1618205549.647,1618205549.954
1618205560,7c6d95,-35.799229508739415,148.65892775515294,203.6743503894181,231.76961952762392,0.0,QFA455  ,False,False,False,3604.0,12184.38,12390.12,1618205559.595,1618205559.947
1618205570,7c6d95,-35.81062316894531,148.64112854003906,202.5479118894473,231.7038252896263,0.0,QFA455  ,False,False,False,3604.0,12184.38,12390.12,1618205569.789,1618205569.982
1618205580,7c6d95,-35.82166768736761,148.6239234437334,201.8253703284331,231.72793592672312,0.0,QFA455  ,False,False,False,3604.0,12184.38,12390.12,1618205579.522,1618205579.949
1618205590,7c6d95,-35.83296203613281,148.60628128051758,201.1028647636815,231.7522198135096,0.0,QFA455  ,False,False,False,3604.0,12184.38,12397.740000000002,1618205589.62,1618205589.935
1618205600,7c6d95,-35.84424552270923,148.5886853806516,200.3803955845644,231.77667881525736,0.0,QFA455  ,False,False,False,3604.0,12184.38,12397.740000000002,1618205599.656,1618205599.994
1618205610,7c6d95,-35.85569737321242,148.5708033784907,200.06250278353536,231.89242312248516,0.0,QFA455  ,False,False,False,3604.0,12184.38,12397.740000000002,1618205609.961,1618205609.996
1618205620,7c6d95,-35.86659059686178,148.55379794506317,199.6579631860698,231.8013148239816,0.0,QFA455  ,False,False,False,3604.0,12192.0,12405.36,1618205619.73,1618205619.938
1618205630,7c6d95,-35.877777099609375,148.53635787963867,199.34024594710888,231.9175178282125,-0.32512,QFA455  ,False,False,False,3604.0,12192.0,12405.36,1618205629.821,1618205629.965
1618205640,7c6d95,-35.88807678222656,148.51884841918945,199.64271900858265,235.2861711827543,-0.32512,QFA455  ,False,False,False,3604.0,12184.38,12405.36,1618205639.682,1618205639.946
1618205650,7c6d95,-35.89833068847656,148.5007667541504,199.5140913396532,235.08059798754232,0.0,QFA455  ,False,False,False,3604.0,12184.38,12397.740000000002,1618205649.636,1618205649.993
1618205660,7c6d95,-35.90876692432471,148.4823283743351,198.79782973885528,235.1172995788156,0.0,QFA455  ,False,False,False,3604.0,12184.38,12397.740000000002,1618205659.898,1618205659.952
1618205670,7c6d95,-35.918729103217686,148.46468012383644,198.50406872260805,235.23910801923324,0.0,QFA455  ,False,False,False,3604.0,12192.0,12405.36,1618205669.646,1618205669.912
1618205680,7c6d95,-35.92913818359375,148.4462928771973,198.50406872260805,235.23910801923324,0.32512,QFA455  ,False,False,False,3604.0,12192.0,12405.36,1618205679.73,1618205679.959
1618205690,7c6d95,-35.939483642578125,148.4278678894043,198.21120754195312,235.3612769621872,0.0,QFA455  ,False,False,False,3604.0,12192.0,12405.36,1618205689.879,1618205689.931
1618205700,7c6d95,-35.94936047570184,148.41039130028258,198.50406872260805,235.23910801923324,0.0,QFA455  ,False,False,False,3604.0,12192.0,12405.36,1618205699.782,1618205699.954
1618205710,7c6d95,-35.95948791503906,148.392333984375,198.50406872260805,235.23910801923324,0.0,QFA455  ,False,False,False,3604.0,12192.0,12405.36,1618205709.643,1618205709.974
1618205720,7c6d95,-35.9696572513904,148.37427666846742,198.21120754195312,235.3612769621872,-0.32512,QFA455  ,False,False,False,3604.0,12192.0,12405.36,1618205719.702,1618205719.982
1618205730,7c6d95,-35.97967529296875,148.3563995361328,198.21120754195312,235.3612769621872,-0.32512,QFA455  ,False,False,False,3604.0,12192.0,12405.36,1618205729.715,1618205729.839
1618205740,7c6d95,-35.9901123046875,148.3378028869629,197.91925019135144,235.4838068946381,0.32512,QFA455  ,False,False,False,3604.0,12184.38,12397.740000000002,1618205739.942,1618205739.976
1618205750,7c6d95,-36.000091552734375,148.32000732421875,197.49558091781117,235.3992381123872,0.0,QFA455  ,False,False,False,3604.0,12192.0,12405.36,1618205749.901,1618205749.942
1618205760,7c6d95,-36.01039123535156,148.30163955688477,197.91925019135144,235.4838068946381,0.0,QFA455  ,False,False,False,3604.0,12184.38,12397.740000000002,1618205759.974,1618205759.974
1618205770,7c6d95,-36.020352638373936,148.2837563372673,197.62820067650415,235.60669829322063,0.32512,QFA455  ,False,False,False,3604.0,12184.38,12397.740000000002,1618205769.961,1618205769.986
1618205780,7c6d95,-36.03040792174261,148.26575745927528,197.49558091781117,235.3992381123872,0.0,QFA455  ,False,False,False,3604.0,12192.0,12405.36,1618205779.982,1618205779.997
1618205790,7c6d95,-36.04005432128906,148.2484245300293,197.91925019135144,235.4838068946381,0.0,QFA455  ,False,False,False,3604.0,12184.38,12397.740000000002,1618205789.586,1618205789.858
1618205800,7c6d95,-36.05044555664063,148.22988510131836,197.49558091781117,235.3992381123872,0.32512,QFA455  ,False,False,False,3604.0,12192.0,12397.740000000002,1618205799.867,1618205799.977
1618205810,7c6d95,-36.06051635742188,148.2119178771973,197.07234375497455,235.31430590066176,0.0,QFA455  ,False,False,False,3604.0,12192.0,12405.36,1618205809.781,1618205809.851
1618205820,7c6d95,-36.07081604003906,148.1936073303223,197.07234375497455,235.31430590066176,0.0,QFA455  ,False,False,False,3604.0,12192.0,12405.36,1618205819.99,1618205819.99
1618205830,7c6d95,-36.08040502515894,148.176581200133,197.07234375497455,235.31430590066176,0.0,QFA455  ,False,False,False,3604.0,12192.0,12405.36,1618205829.638,1618205829.824
1618205840,7c6d95,-36.09040832519531,148.15881729125977,197.07234375497455,235.31430590066176,0.0,QFA455  ,False,False,False,3604.0,12192.0,12405.36,1618205839.537,1618205839.961
1618205850,7c6d95,-36.10066223144531,148.14050674438477,196.78004161856637,235.43747535111817,-0.32512,QFA455  ,False,False,False,3604.0,12184.38,12397.740000000002,1618205849.692,1618205849.949
1618205860,7c6d95,-36.11082458496094,148.12236785888672,197.07234375497455,235.31430590066176,0.0,QFA455  ,False,False,False,3604.0,12192.0,12405.36,1618205859.781,1618205859.968
1618205870,7c6d95,-36.12089538574219,148.10440063476562,197.07234375497455,235.31430590066176,0.0,QFA455  ,False,False,False,3604.0,12192.0,12405.36,1618205869.738,1618205869.976
1618205880,7c6d95,-36.131195068359375,148.08609008789062,197.07234375497455,235.31430590066176,-0.32512,QFA455  ,False,False,False,3604.0,12184.38,12397.740000000002,1618205879.94,1618205879.989
1618205890,7c6d95,-36.14082982984644,148.06888012175864,196.78004161856637,235.43747535111817,0.0,QFA455  ,False,False,False,3604.0,12192.0,12405.36,1618205889.539,1618205889.779
1618205900,7c6d95,-36.15110778808594,148.0503273010254,196.48865155776508,235.5610106911964,0.0,QFA455  ,False,False,False,3604.0,12192.0,12405.36,1618205899.819,1618205899.819
1618205910,7c6d95,-36.16108703613281,148.0323600769043,196.48865155776508,235.5610106911964,0.32512,QFA455  ,False,False,False,3604.0,12192.0,12405.36,1618205909.827,1618205909.921
1618205920,7c6d95,-36.17099567995234,148.01453286028925,196.48865155776508,235.5610106911964,0.0,QFA455  ,False,False,False,3604.0,12192.0,12405.36,1618205919.763,1618205919.859
1618205930,7c6d95,-36.1810975155588,147.9964171064661,196.78004161856637,235.43747535111817,0.0,QFA455  ,False,False,False,3604.0,12192.0,12405.36,1618205929.818,1618205929.913
1618205940,7c6d95,-36.19111633300781,147.97840118408203,196.48865155776508,235.5610106911964,0.0,QFA455  ,False,False,False,3604.0,12184.38,12397.740000000002,1618205939.784,1618205939.993
1618205950,7c6d95,-36.200928768869176,147.96076997797542,196.48865155776508,235.5610106911964,0.0,QFA455  ,False,False,False,3604.0,12184.38,12397.740000000002,1618205949.616,1618205949.919
1618205960,7c6d95,-36.211029052734375,147.9426383972168,196.06459060029752,235.4759916668943,0.0,QFA455  ,False,False,False,3604.0,12184.38,12397.740000000002,1618205959.912,1618205959.978
1618205970,7c6d95,-36.22089967889303,147.92488909782247,195.77348749027448,235.60003567430363,0.0,QFA455  ,False,False,False,3604.0,12184.38,12397.740000000002,1618205969.669,1618205969.978
1618205980,7c6d95,-36.23085021972656,147.90704727172852,195.3492288329708,235.51479009100424,0.0,QFA455  ,False,False,False,3604.0,12184.38,12405.36,1618205979.674,1618205979.929
1618205990,7c6d95,-36.240966796875,147.88885116577148,194.92540448188475,235.42917362026395,0.32512,QFA455  ,False,False,False,3604.0,12184.38,12405.36,1618205989.875,1618205989.956
1618206000,7c6d95,-36.2506000066208,147.8715937188331,194.2099347267676,235.468027172094,0.0,QFA455  ,False,False,False,3604.0,12192.0,12412.98,1618205999.662,1618205999.915
1618206010,7c6d95,-36.2607949467029,147.85324421334775,194.3434348309352,235.67894719653515,0.32512,QFA455  ,False,False,False,3604.0,12192.0,12412.98,1618206009.673,1618206009.99
1618206020,7c6d95,-36.2705709166446,147.83565440076464,193.91877700195576,235.59324560781891,0.0,QFA455  ,False,False,False,3604.0,12192.0,12412.98,1618206019.662,1618206019.917
1618206030,7c6d95,-36.28033447265625,147.81801223754883,193.91877700195576,235.59324560781891,0.0,QFA455  ,False,False,False,3604.0,12184.38,12405.36,1618206029.642,1618206029.944
1618206040,7c6d95,-36.29035949707031,147.79993057250977,193.4945549395145,235.50716803741187,0.0,QFA455  ,False,False,False,3604.0,12192.0,12412.98,1618206039.916,1618206039.954
1618206050,7c6d95,-36.30031779661016,147.78200839428192,193.6285482736248,235.71884002332217,0.0,QFA455  ,False,False,False,3604.0,12192.0,12412.98,1618206049.931,1618206049.978
1618206060,7c6d95,-36.31014031878976,147.76424326795214,193.6285482736248,235.71884002332217,0.32512,QFA455  ,False,False,False,3604.0,12192.0,12412.98,1618206059.929,1618206059.997
1618206070,7c6d95,-36.319730079780186,147.7468287691157,193.6285482736248,235.71884002332217,0.0,QFA455  ,False,False,False,3604.0,12192.0,12420.6,1618206069.704,1618206069.945
1618206080,7c6d95,-36.32936639300851,147.72941427027925,194.3434348309352,235.67894719653515,0.0,QFA455  ,False,False,False,3604.0,12192.0,12412.98,1618206079.438,1618206079.806
1618206090,7c6d95,-36.33914236295021,147.71170758186503,194.3434348309352,235.67894719653515,0.0,QFA455  ,False,False,False,3604.0,12192.0,12420.6,1618206089.388,1618206089.933
1618206100,7c6d95,-36.34959411621094,147.69275665283203,195.05841491137224,235.63934680230608,0.0,QFA455  ,False,False,False,3604.0,12184.38,12412.98,1618206099.996,1618206099.996
1618206110,7c6d95,-36.358978271484375,147.67576217651367,195.05841491137224,235.63934680230608,0.0,QFA455  ,False,False,False,3604.0,12192.0,12412.98,1618206109.569,1618206109.807
1618206120,7c6d95,-36.36909484863281,147.65750885009766,195.48330472499515,235.7244485374712,-0.32512,QFA455  ,False,False,False,3604.0,12184.38,12412.98,1618206119.557,1618206119.876
1618206130,7c6d95,-36.37916564941406,147.63914108276367,195.6199945232869,235.9338167857558,0.0,QFA455  ,False,False,False,3604.0,12184.38,12405.36,1618206129.905,1618206129.952
1618206140,7c6d95,-36.38862739175056,147.62183006773606,195.6199945232869,235.9338167857558,0.0,QFA455  ,False,False,False,3604.0,12192.0,12405.36,1618206139.436,1618206139.877
1618206150,7c6d95,-36.39866638183594,147.60343551635742,195.6199945232869,235.9338167857558,0.0,QFA455  ,False,False,False,3604.0,12184.38,12405.36,1618206149.712,1618206149.972
1618206160,7c6d95,-36.40887761520128,147.5848388671875,196.3343697341774,235.8935460580372,0.0,QFA455  ,False,False,False,3604.0,12184.38,12412.98,1618206159.98,1618206159.98
1618206170,7c6d95,-36.41846737619176,147.56730749251994,195.90862392945303,235.80918094578328,0.32512,QFA455  ,False,False,False,3604.0,12192.0,12420.6,1618206169.729,1618206169.983
1618206180,7c6d95,-36.42842102050781,147.5493049621582,195.77348749027448,235.60003567430363,0.0,QFA455  ,False,False,False,3604.0,12192.0,12412.98,1618206179.703,1618206179.927
1618206190,7c6d95,-36.438484838453405,147.53113442278925,196.06459060029752,235.4759916668943,0.0,QFA455  ,False,False,True,1647.0,12192.0,12420.6,1618206189.764,1618206189.906
1618206200,7c6d95,-36.448074599443885,147.51383679978392,196.48865155776508,235.5610106911964,-0.32512,QFA455  ,False,False,False,3604.0,12192.0,12412.98,1618206199.474,1618206199.928
1618206210,7c6d95,-36.45845031738281,147.49500274658203,197.3380630142516,235.729951624083,0.0,QFA455  ,False,False,False,3604.0,12192.0,12412.98,1618206209.958,1618206209.975
1618206220,7c6d95,-36.46820068359375,147.4772071838379,197.4748091543842,235.93734956426408,0.0,QFA455  ,False,False,False,3604.0,12192.0,12412.98,1618206219.707,1618206219.999
1618206230,7c6d95,-36.478271484375,147.45878219604492,197.4748091543842,235.93734956426408,0.0,QFA455  ,False,False,False,3604.0,12192.0,12412.98,1618206229.735,1618206229.863
1618206240,7c6d95,-36.48824918068061,147.44055565367356,198.1891754321555,235.89744298783447,0.0,QFA455  ,False,False,False,3604.0,12192.0,12412.98,1618206239.572,1618206239.812
1618206250,7c6d95,-36.49802515062237,147.42267365151264,198.1891754321555,235.89744298783447,0.0,QFA455  ,False,False,False,3604.0,12184.38,12405.36,1618206249.629,1618206249.793
1618206260,7c6d95,-36.50822009070447,147.40403195644947,197.76340797457476,235.81387751362496,0.32512,QFA455  ,False,False,False,3604.0,12184.38,12405.36,1618206259.605,1618206259.797
1618206270,7c6d95,-36.51814270019531,147.3859977722168,197.76340797457476,235.81387751362496,0.0,QFA455  ,False,False,False,3604.0,12184.38,12412.98,1618206269.626,1618206269.891
1618206280,7c6d95,-36.52839660644531,147.36722946166992,197.76340797457476,235.81387751362496,0.32512,QFA455  ,False,False,False,3604.0,12192.0,12420.6,1618206279.961,1618206279.961
1618206290,7c6d95,-36.53828430175781,147.34920501708984,197.76340797457476,235.81387751362496,0.0,QFA455  ,False,False,False,3604.0,12192.0,12420.6,1618206289.841,1618206289.92
1618206300,7c6d95,-36.54806880627649,147.33139362741025,197.4748091543842,235.93734956426408,-0.32512,QFA455  ,False,False,False,3604.0,12192.0,12420.6,1618206299.582,1618206299.788
1618206310,7c6d95,-36.558013916015625,147.3131561279297,197.4748091543842,235.93734956426408,0.0,QFA455  ,False,False,False,3604.0,12192.0,12420.6,1618206309.599,1618206309.951
1618206320,7c6d95,-36.56808626853814,147.29463617852394,196.7605393699656,235.97754589383064,-0.32512,QFA455  ,False,False,False,3604.0,12184.38,12412.98,1618206319.82,1618206319.92
1618206330,7c6d95,-36.57814155190681,147.2761113592919,196.04636713358292,236.01803510378363,0.0,QFA455  ,False,False,False,3604.0,12184.38,12412.98,1618206329.914,1618206329.979
1618206340,7c6d95,-36.587493896484375,147.25896835327148,195.33229351519927,236.0588203659406,0.32512,QFA455  ,False,False,False,3604.0,12192.0,12412.98,1618206339.497,1618206339.863
1618206350,7c6d95,-36.597564697265625,147.24037170410156,194.61831960033183,236.09990489747304,0.0,QFA455  ,False,False,False,3604.0,12184.38,12412.98,1618206349.763,1618206349.857
1618206360,7c6d95,-36.607177734375,147.22280502319336,194.47956496175425,235.8895747960517,0.32512,QFA455  ,False,False,False,3604.0,12184.38,12412.98,1618206359.615,1618206359.893
1618206370,7c6d95,-36.61734008789063,147.20409393310547,194.19153721413463,236.0152470073764,0.0,QFA455  ,False,False,False,3604.0,12192.0,12420.6,1618206369.98,1618206369.98
1618206380,7c6d95,-36.62709045410156,147.18612670898438,194.19153721413463,236.0152470073764,0.0,QFA455  ,False,False,False,3604.0,12192.0,12420.6,1618206379.917,1618206379.917
1618206390,7c6d95,-36.63665771484375,147.16856002807617,194.19153721413463,236.0152470073764,0.0,QFA455  ,False,False,False,3604.0,12192.0,12420.6,1618206389.886,1618206389.984
1618206400,7c6d95,-36.64663696289063,147.15024948120117,194.19153721413463,236.0152470073764,0.0,QFA455  ,False,False,False,3604.0,12192.0,12420.6,1618206399.957,1618206399.957
1618206410,7c6d95,-36.656163102489415,147.13276315242686,194.19153721413463,236.0152470073764,0.0,QFA455  ,False,False,False,3604.0,12192.0,12420.6,1618206409.684,1618206409.885
1618206420,7c6d95,-36.66570631124205,147.11517333984375,194.19153721413463,236.0152470073764,0.0,QFA455  ,False,False,False,3604.0,12184.38,12412.98,1618206419.556,1618206419.987
1618206430,7c6d95,-36.67566849013508,147.0968238343584,194.19153721413463,236.0152470073764,0.32512,QFA455  ,False,False,False,3604.0,12184.38,12412.98,1618206429.649,1618206429.93
1618206440,7c6d95,-36.685630669028114,147.078474328873,194.19153721413463,236.0152470073764,0.0,QFA455  ,False,False,False,3604.0,12192.0,12428.22,1618206439.905,1618206439.945
1618206450,7c6d95,-36.69522043001854,147.0608845162899,194.19153721413463,236.0152470073764,0.0,QFA455  ,False,False,False,3604.0,12192.0,12428.22,1618206449.699,1618206449.913
1618206460,7c6d95,-36.70513916015625,147.0425033569336,194.19153721413463,236.0152470073764,0.0,QFA455  ,False,False,False,3604.0,12192.0,12428.22,1618206459.984,1618206459.984
1618206470,7c6d95,-36.71467926542641,147.02488676030586,194.33185937254515,236.2257977628144,0.0,QFA455  ,False,False,False,3604.0,12192.0,12428.22,1618206469.627,1618206469.958
1618206480,7c6d95,-36.724456787109375,147.0066261291504,194.04634012416383,236.3520617160697,0.0,QFA455  ,False,False,False,3604.0,12184.38,12420.6,1618206479.769,1618206479.863
1618206490,7c6d95,-36.73432430978551,146.98824618725067,194.04634012416383,236.3520617160697,0.0,QFA455  ,False,False,False,3604.0,12192.0,12428.22,1618206489.989,1618206489.989
1618206500,7c6d95,-36.74391174316406,146.97040557861328,193.61829695851165,236.26771009440225,0.0,QFA455  ,False,False,False,3604.0,12192.0,12420.6,1618206499.917,1618206499.992
1618206510,7c6d95,-36.75336417505298,146.95277437250667,193.61829695851165,236.26771009440225,0.0,QFA455  ,False,False,False,3604.0,12184.38,12420.6,1618206509.724,1618206509.872
1618206520,7c6d95,-36.76286315917969,146.9351577758789,193.61829695851165,236.26771009440225,0.32512,QFA455  ,False,False,False,3604.0,12184.38,12428.22,1618206519.517,1618206519.966
1618206530,7c6d95,-36.77293395996094,146.91644668579102,193.61829695851165,236.26771009440225,0.0,QFA455  ,False,False,False,3604.0,12192.0,12428.22,1618206529.953,1618206529.953
1618206540,7c6d95,-36.78240966796875,146.8988800048828,192.477007171254,236.22498697730617,-1.30048,QFA455  ,False,False,False,3604.0,12176.76,12420.6,1618206539.667,1618206539.983
1618206550,7c6d95,-36.79223529363082,146.88054510887633,191.04998469654404,236.3099324740202,-6.502400000000001,QFA455  ,False,False,False,3604.0,12123.42,12382.5,1618206549.972,1618206549.987
1618206560,7c6d95,-36.80140608448096,146.86359811336436,189.48097614594164,236.18049945734415,-10.72896,QFA455  ,False,False,False,3604.0,12031.98,12275.820000000002,1618206559.529,1618206559.775
1618206570,7c6d95,-36.81085618875795,146.84600830078125,189.48097614594164,236.18049945734415,-12.67968,QFA455  ,False,False,False,3604.0,11910.06,12153.9,1618206569.667,1618206569.996
1618206580,7c6d95,-36.8206787109375,146.82771723321144,189.1951304761893,236.3099324740202,-13.32992,QFA455  ,False,False,False,3604.0,11772.9,12016.740000000002,1618206579.966,1618206579.998
1618206590,7c6d95,-36.82984950178764,146.81082867561503,189.34125222832895,235.9645212583439,-14.305280000000002,QFA455  ,False,False,False,3604.0,11643.36,11887.2,1618206589.578,1618206589.994
1618206600,7c6d95,-36.839532367253696,146.792829797623,190.1947544320141,236.13800266894685,-15.280640000000002,QFA455  ,False,False,False,3604.0,11490.96,11727.18,1618206599.762,1618206599.997
1618206610,7c6d95,-36.84888936705511,146.77547373670214,190.62215500925595,236.2241604130731,-11.70432,QFA455  ,False,False,False,3604.0,11361.42,11590.02,1618206609.518,1618206609.997
1618206620,7c6d95,-36.85816955566406,146.7581761136968,189.1951304761893,236.3099324740202,-10.40384,QFA455  ,False,False,False,3604.0,11262.36,11490.96,1618206619.363,1618206619.935
1618206630,7c6d95,-36.86778957560915,146.74032460088316,187.62612670524447,236.17921989581788,-10.40384,QFA455  ,False,False,False,3604.0,11155.68,11384.28,1618206629.654,1618206629.931
1618206640,7c6d95,-36.87702941894531,146.72305492644614,186.6269253281618,236.3537365782633,-10.07872,QFA455  ,False,False,False,3604.0,11064.24,11285.22,1618206639.485,1618206639.905
1618206650,7c6d95,-36.8865966796875,146.70527582583222,184.63021757890377,236.13282089127412,-10.72896,QFA455  ,False,False,False,3604.0,10965.18,11186.16,1618206649.794,1618206649.975
1618206660,7c6d95,-36.89593505859375,146.6880506150266,183.77679374670728,235.95406264339837,-11.3792,QFA455  ,False,False,False,3604.0,10850.88,11087.1,1618206659.939,1618206659.939
1618206670,7c6d95,-36.9050779181012,146.67124209196672,182.63631462120023,235.90707816306585,-11.05408,QFA455  ,False,False,False,3604.0,10744.2,10957.56,1618206669.793,1618206669.864
1618206680,7c6d95,-36.91443491790256,146.65398639181387,182.06157896749747,236.17522477666225,-10.72896,QFA455  ,False,False,False,3604.0,10629.9,10843.26,1618206679.961,1618206679.977
1618206690,7c6d95,-36.92340087890625,146.6372096284907,181.0623643433192,236.3550828031402,-10.72896,QFA455  ,False,False,False,3604.0,10530.84,10751.820000000002,1618206689.794,1618206689.854
1618206700,7c6d95,-36.93226442498678,146.62054974099863,180.06495370654105,236.5369351670554,-10.40384,QFA455  ,False,False,False,3604.0,10424.16,10629.9,1618206699.714,1618206699.967
1618206710,7c6d95,-36.94107055664063,146.60395845453792,178.92300196119865,236.49269351131,-10.40384,QFA455  ,False,False,False,3604.0,10325.1,10530.84,1618206709.702,1618206709.964
1618206720,7c6d95,-36.9501404843088,146.58675484035325,177.92698544593358,236.67750260063204,-10.40384,QFA455  ,False,False,False,3604.0,10218.42,10424.16,1618206719.948,1618206719.981
1618206730,7c6d95,-36.9587992005429,146.57051418138587,177.35265707852702,236.3560272183098,-10.40384,QFA455  ,False,False,False,3604.0,10119.36,10325.1,1618206729.847,1618206729.898
1618206740,7c6d95,-36.9674113645392,146.5543332307235,176.21115093370568,236.3099324740202,-10.72896,QFA455  ,False,False,False,3604.0,10020.3,10218.420000000002,1618206739.579,1618206739.991
1618206750,7c6d95,-36.97613525390625,146.53815736161903,175.35599313021126,236.1234537849909,-10.07872,QFA455  ,False,False,False,3604.0,9921.24,10119.36,1618206749.475,1618206749.95
1618206760,7c6d95,-36.98524475097656,146.5211519281915,174.64218346315508,236.1695019230829,-10.07872,QFA455  ,False,False,False,3604.0,9814.56,10012.680000000002,1618206759.791,1618206759.997
1618206770,7c6d95,-36.993853035619736,146.5050738790761,174.35629671335087,236.3099324740202,-10.40384,QFA455  ,False,False,False,3604.0,9715.5,9913.62,1618206769.798,1618206769.869
1618206780,7c6d95,-37.00255830409162,146.4888332201087,174.35629671335087,236.3099324740202,-10.07872,QFA455  ,False,False,False,3604.0,9624.06,9814.56,1618206779.808,1618206779.923
1618206790,7c6d95,-37.01126357256357,146.47247314453125,175.49780346477354,236.35651439832043,-10.07872,QFA455  ,False,False,False,3604.0,9517.38,9707.88,1618206789.88,1618206789.931
1618206800,7c6d95,-37.01966857910156,146.45669490733047,176.63942471775053,236.40249423438908,-10.07872,QFA455  ,False,False,False,3604.0,9425.94,9624.06,1618206799.402,1618206799.557
1618206810,7c6d95,-37.02899997517216,146.43909620202106,177.49734528399568,236.5862765346285,-10.07872,QFA455  ,False,False,False,3604.0,9319.26,9517.38,1618206809.907,1618206809.907
1618206820,7c6d95,-37.03770446777344,146.42262560255986,178.2101141955144,236.5392978601252,-10.07872,QFA455  ,False,False,False,3604.0,9220.2,9410.7,1618206819.922,1618206819.971
1618206830,7c6d95,-37.04650361659162,146.40607750934103,178.92300196119865,236.49269351131,-10.07872,QFA455  ,False,False,False,3604.0,9121.14,9311.64,1618206829.716,1618206829.966
1618206840,7c6d95,-37.05539509401484,146.38918005901834,180.2118699730014,236.76357128859672,-10.07872,QFA455  ,False,False,False,3604.0,9014.46,9204.96,1618206839.645,1618206839.95
1618206850,7c6d95,-37.064208984375,146.37242743309508,181.2070114597164,236.5806191822281,-10.07872,QFA455  ,False,False,False,3604.0,8915.4,9105.9,1618206849.687,1618206849.945
1618206860,7c6d95,-37.07317804886122,146.35562399159306,181.490856174342,236.445063778921,-10.07872,QFA455  ,False,False,False,3604.0,8816.34,9006.84,1618206859.525,1618206859.885
1618206870,7c6d95,-37.08247375488281,146.33812437666225,181.0623643433192,236.3550828031402,-10.40384,QFA455  ,False,False,False,3604.0,8702.04,8900.160000000002,1618206869.855,1618206869.986
1618206880,7c6d95,-37.09126281738281,146.3215864465592,180.3491284171188,236.40059027733952,-10.07872,QFA455  ,False,False,False,3604.0,8602.98,8793.48,1618206879.674,1618206879.863
1618206890,7c6d95,-37.100457660222446,146.3042151409647,179.63600716602582,236.4464590929385,-10.07872,QFA455  ,False,False,False,3604.0,8503.92,8709.660000000002,1618206889.969,1618206889.997
1618206900,7c6d95,-37.10902327198096,146.28809389860734,178.92300196119865,236.49269351131,-10.07872,QFA455  ,False,False,False,3604.0,8404.86,8595.36,1618206899.513,1618206900.0
1618206910,7c6d95,-37.11813354492188,146.27092077376994,178.2101141955144,236.5392978601252,-10.07872,QFA455  ,False,False,False,3604.0,8305.800000000001,8496.300000000001,1618206909.925,1618206909.955
1618206920,7c6d95,-37.1267131223517,146.25471695609716,177.7811582664676,236.44788352249083,-10.07872,QFA455  ,False,False,False,3604.0,8206.74,8397.24,1618206919.569,1618206919.903
1618206930,7c6d95,-37.13588391320184,146.23746125594428,177.0681572759845,236.4946079973008,-10.07872,QFA455  ,False,False,False,3604.0,8100.06,8290.560000000001,1618206929.865,1618206929.999
1618206940,7c6d95,-37.144309868246864,146.22151913850203,177.0681572759845,236.4946079973008,-10.07872,QFA455  ,False,False,False,3604.0,8001.0,8191.5,1618206939.646,1618206939.961
1618206950,7c6d95,-37.1533875546213,146.20432314665422,176.35527499390346,236.5417102530533,-10.07872,QFA455  ,False,False,False,3604.0,7901.94,8092.44,1618206949.96,1618206949.995
1618206960,7c6d95,-37.16176695742848,146.188440737517,175.64251286563396,236.58919482560285,-10.07872,QFA455  ,False,False,False,3604.0,7802.88,7993.38,1618206959.555,1618206959.974
1618206970,7c6d95,-37.17073059082031,146.1715763173205,174.9298723598974,236.63706632263563,-10.07872,QFA455  ,False,False,False,3604.0,7703.820000000001,7940.04,1618206969.849,1618206969.949
1618206980,7c6d95,-37.17927059884801,146.15536233653194,173.5049622102805,236.73398888851773,-10.07872,QFA455  ,False,False,False,3604.0,7604.76,7787.64,1618206979.749,1618206979.999
1618206990,7c6d95,-37.187896728515625,146.13890952252328,172.6455975588199,236.5466905459273,-9.7536,QFA455  ,False,False,False,3604.0,7513.320000000001,7696.200000000001,1618206989.875,1618206989.983
1618207000,7c6d95,-37.1964111328125,146.12278065782914,171.65015934076752,236.73857120672236,-9.7536,QFA455  ,False,False,False,3604.0,7414.26,7597.14,1618206999.926,1618206999.996
1618207010,7c6d95,-37.20459501622088,146.107177734375,170.93790532719035,236.7881832991076,-9.7536,QFA455  ,False,False,False,3604.0,7322.820000000001,7498.080000000001,1618207009.601,1618207009.956
1618207020,7c6d95,-37.21334683693061,146.0905191172724,170.0780184637768,236.59833161307316,-9.42848,QFA455  ,False,False,False,3604.0,7223.76,7406.64,1618207019.879,1618207019.935
1618207030,7c6d95,-37.22149658203125,146.0750953187334,169.36540337841873,236.64781436729663,-9.7536,QFA455  ,False,False,False,3604.0,7132.320000000001,7307.580000000001,1618207029.662,1618207029.971
1618207040,7c6d95,-37.22987365722656,146.05920020570147,168.50691552574762,236.45547605473752,-9.7536,QFA455  ,False,False,False,3604.0,7033.26,7208.52,1618207039.663,1618207039.857
1618207050,7c6d95,-37.23839194087663,146.04293159816575,167.94055700462448,236.74803949673964,-9.7536,QFA455  ,False,False,False,3604.0,6934.200000000001,7109.460000000001,1618207049.95,1618207049.967
1618207060,7c6d95,-37.24635237354346,146.02782539699388,166.79810441945077,236.7020274960624,-9.42848,QFA455  ,False,False,False,3604.0,6850.38,7018.02,1618207059.564,1618207059.909
1618207070,7c6d95,-37.25468522411285,146.01188327955165,166.08575761399936,236.75293225066412,-9.10336,QFA455  ,False,False,False,3604.0,6751.320000000001,6918.960000000001,1618207069.865,1618207069.95
1618207080,7c6d95,-37.2630615234375,145.99585350523606,164.9432941200727,236.70643672915327,-9.10336,QFA455  ,False,False,False,3604.0,6659.88,6835.14,1618207079.997,1618207079.997
1618207090,7c6d95,-37.27093195511122,145.98089466924253,164.23095946186973,236.75793552058417,-9.42848,QFA455  ,False,False,False,3604.0,6576.06,6743.700000000001,1618207089.814,1618207089.99
1618207100,7c6d95,-37.279083251953125,145.9653489133145,163.08848481973564,236.7109462549016,-9.10336,QFA455  ,False,False,False,3604.0,6484.62,6652.26,1618207099.856,1618207099.989
1618207110,7c6d95,-37.28691101074219,145.95033036901597,162.3761625906771,236.76305309364415,-9.42848,QFA455  ,False,False,False,3604.0,6393.18,6553.200000000001,1618207109.688,1618207109.971
1618207120,7c6d95,-37.29504601430085,145.93497898267665,161.51657379917063,236.56300405932308,-8.77824,QFA455  ,False,False,False,3604.0,6301.740000000001,6461.760000000001,1618207119.712,1618207119.954
1618207130,7c6d95,-37.30311584472656,145.9197089012633,160.80387162544588,236.61496479806544,-9.10336,QFA455  ,False,False,False,3604.0,6217.92,6377.9400000000005,1618207129.749,1618207129.989
1618207140,7c6d95,-37.31076049804688,145.90515786028925,160.5213670448244,236.76828893202065,-8.77824,QFA455  ,False,False,False,3604.0,6126.4800000000005,6278.88,1618207139.431,1618207139.87
1618207150,7c6d95,-37.31888076006357,145.88960067085597,159.80919470300825,236.82148834060723,-8.45312,QFA455  ,False,False,False,3604.0,6042.66,6202.68,1618207149.752,1618207149.973
1618207160,7c6d95,-37.32674808825476,145.87455417798913,159.37886935570353,236.7202801902893,-8.77824,QFA455  ,False,False,False,3604.0,5958.84,6111.24,1618207159.86,1618207159.928
1618207170,7c6d95,-37.334568864208165,145.8595673934273,158.6665728707909,236.7736471831519,-8.77824,QFA455  ,False,False,False,3604.0,5867.400000000001,6019.8,1618207169.705,1618207169.995
1618207180,7c6d95,-37.34248352050781,145.84455774185506,157.52406326587493,236.72511201516508,-8.45312,QFA455  ,False,False,False,3604.0,5791.200000000001,5943.6,1618207179.778,1618207179.801
1618207190,7c6d95,-37.34989929199219,145.8304157662899,156.38166834802627,236.6758676959515,-8.45312,QFA455  ,False,False,False,3604.0,5707.38,5852.16,1618207189.37,1618207189.797
1618207210,7c6d95,-37.36566575907045,145.80039646314538,154.52685241220937,236.68026014856636,-8.45312,QFA455  ,False,False,False,3604.0,5539.740000000001,5692.14,1618207209.953,1618207209.953
1618207220,7c6d95,-37.37301635742188,145.78629514004322,153.8144545686193,236.73512525859917,-8.128,QFA455  ,False,False,False,3604.0,5463.54,5608.32,1618207219.684,1618207219.9
1618207230,7c6d95,-37.380655579647794,145.7716767684273,153.10219907818282,236.7905009020314,-8.128,QFA455  ,False,False,False,3604.0,5379.72,5524.5,1618207229.898,1618207229.912
1618207240,7c6d95,-37.38819704217428,145.75728706691575,152.67203740664146,236.6847593291612,-8.128,QFA455  ,False,False,False,3604.0,5303.52,5463.54,1618207239.775,1618207239.983
1618207250,7c6d95,-37.39567565917969,145.74299264461436,152.24239867550895,236.5784205721174,-8.128,QFA455  ,False,False,False,3604.0,5219.7,5356.86,1618207249.697,1618207249.76
1618207260,7c6d95,-37.40327996722726,145.7285673721977,152.24239867550895,236.5784205721174,-8.45312,QFA455  ,False,False,False,3604.0,5143.5,5280.66,1618207259.878,1618207259.984
1618207270,7c6d95,-37.4110107421875,145.71383212475067,151.529739997927,236.6336339989404,-8.45312,QFA455  ,False,False,False,3604.0,5059.68,5196.84,1618207269.975,1618207269.975
1618207280,7c6d95,-37.41796875,145.70062515583444,150.81722336564437,236.6893691754392,-8.128,QFA455  ,False,False,False,3604.0,4975.860000000001,5113.02,1618207279.321,1618207279.882
1618207290,7c6d95,-37.42575073242188,145.68572348736703,149.82336949030386,236.91015201617867,-7.80288,QFA455  ,False,False,False,3604.0,4899.66,5029.2,1618207289.883,1618207289.946
1618207300,7c6d95,-37.43284063824154,145.67202360733697,149.1115734327915,236.96784552214467,-8.128,QFA455  ,False,False,False,3604.0,4823.46,4953.0,1618207299.536,1618207299.796
1618207310,7c6d95,-37.44026184082031,145.65743953623672,148.32500937955993,238.1841977234436,-8.45312,QFA455  ,False,False,False,3604.0,4747.26,4876.8,1618207309.83,1618207309.956
1618207320,7c6d95,-37.44587526483053,145.64240828804347,148.26343910767807,248.42009371238,-8.77824,QFA455  ,False,False,False,3604.0,4671.06,4800.6,1618207319.791,1618207319.925
1618207330,7c6d95,-37.449227025953405,145.62610792077106,148.816654507248,259.0396645539649,-8.77824,QFA455  ,False,False,False,3604.0,4594.860000000001,4716.780000000001,1618207329.916,1618207329.957
1618207340,7c6d95,-37.45015807070973,145.60891192892325,150.23966881746082,269.01900375587013,-8.77824,QFA455  ,False,False,False,3604.0,4511.04,4632.96,1618207339.918,1618207339.936
1618207350,7c6d95,-37.449925309520665,145.5926115616508,150.23174169501624,270.7848246029919,-7.80288,QFA455  ,False,False,False,3604.0,4434.84,4556.76,1618207349.485,1618207349.996
1618207360,7c6d95,-37.44983220504503,145.57535586149797,149.70673965584234,270.39377922608685,-7.80288,QFA455  ,False,False,False,3604.0,4351.02,4472.9400000000005,1618207359.791,1618207360.0
1618207370,7c6d95,-37.44973910056939,145.55881666100544,149.1923078474696,270.3951370425075,-7.80288,QFA455  ,False,False,False,3604.0,4274.820000000001,4389.120000000001,1618207369.623,1618207369.884
1618207380,7c6d95,-37.44964599609375,145.5420386272928,148.16344448470724,270.3978809618346,-7.477760000000001,QFA455  ,False,False,False,3604.0,4198.62,4312.92,1618207379.602,1618207379.928
1618207390,7c6d95,-37.44950633938032,145.52496205205503,147.653493974797,270.59888877547115,-7.477760000000001,QFA455  ,False,False,False,3604.0,4130.04,4244.34,1618207389.792,1618207389.945
1618207400,7c6d95,-37.44936668266684,145.50830343495244,147.1453733383229,270.801287330107,-7.80288,QFA455  ,False,False,False,3604.0,4053.84,4168.14,1618207399.767,1618207399.993
1618207410,7c6d95,-37.44913392147777,145.491943359375,148.18219861638167,270.99461847364057,-7.80288,QFA455  ,False,False,False,3604.0,3977.64,4084.32,1618207409.602,1618207409.965
1618207420,7c6d95,-37.44885460805085,145.47480707583222,149.72530047922433,270.9843667030547,-7.152640000000001,QFA455  ,False,False,False,3604.0,3909.06,4015.74,1618207419.69,1618207419.993
1618207430,7c6d95,-37.44862184686178,145.4578499172045,150.23966881746082,270.98099624412987,-7.152640000000001,QFA455  ,False,False,False,3604.0,3840.48,3947.16,1618207429.717,1618207429.933
1618207440,7c6d95,-37.4483642578125,145.44063486951464,150.75403767204665,270.9776487850298,-7.477760000000001,QFA455  ,False,False,False,3604.0,3764.28,3878.58,1618207439.872,1618207439.999
1618207450,7c6d95,-37.44813537597656,145.42374631191822,149.72530047922433,270.9843667030547,-7.152640000000001,QFA455  ,False,False,False,3604.0,3695.7,3802.38,1618207449.91,1618207449.986
1618207460,7c6d95,-37.44795227050781,145.40691619223736,148.6885559824092,270.7929705362359,-7.152640000000001,QFA455  ,False,False,False,3604.0,3627.12,3733.8,1618207459.949,1618207459.958
1618207470,7c6d95,-37.447830458818885,145.3906780740489,147.64901293208746,270.3992672618467,-7.152640000000001,QFA455  ,False,False,False,3604.0,3558.54,3657.6,1618207469.55,1618207469.953
1618207480,7c6d95,-37.447737354343246,145.37378062372622,146.62466257500415,270.6030911943805,-6.827520000000001,QFA455  ,False,False,False,3604.0,3489.96,3589.02,1618207479.792,1618207479.908
1618207490,7c6d95,-37.447540283203125,145.35776990525267,145.6021938603237,270.8097804169109,-7.152640000000001,QFA455  ,False,False,False,3604.0,3421.38,3528.06,1618207489.418,1618207489.874
1618207500,7c6d95,-37.44731140136719,145.34076447182514,145.1060411356473,271.2188752351313,-6.827520000000001,QFA455  ,False,False,False,3604.0,3352.8,3451.86,1618207499.865,1618207499.973
1618207510,7c6d95,-37.44703907077599,145.32481981360394,146.1346979681489,271.2102941689212,-9.7536,QFA455  ,False,False,False,3604.0,3276.6000000000004,3375.6600000000003,1618207509.576,1618207509.844
1618207520,7c6d95,-37.44676208496094,145.3079808011968,148.18219861638167,270.99461847364057,-11.3792,QFA455  ,False,False,False,3604.0,3162.3,3261.36,1618207519.672,1618207519.87
1618207530,7c6d95,-37.446573548397794,145.29096520465353,149.71734612239086,270.78752125567087,-9.42848,QFA455  ,False,False,False,3604.0,3055.6200000000003,3147.0600000000004,1618207529.787,1618207529.942
1618207540,7c6d95,-37.44638733944652,145.274426004161,149.20295088369994,270.7902365024292,-7.80288,QFA455  ,False,False,False,3604.0,2979.42,3070.86,1618207539.646,1618207539.997
1618207550,7c6d95,-37.4461669921875,145.25737356632314,148.17416142203257,270.7957235527393,-7.80288,QFA455  ,False,False,False,3604.0,2903.2200000000003,2994.6600000000003,1618207549.767,1618207550.0
1618207560,7c6d95,-37.44598388671875,145.24066032247342,147.6597672061329,270.7984957503137,-7.80288,QFA455  ,False,False,False,3604.0,2827.02,2918.46,1618207559.783,1618207559.848
1618207570,7c6d95,-37.44575500488281,145.22371332696144,147.15346672279472,271.00157243565576,-7.80288,QFA455  ,False,False,False,3604.0,2750.82,2834.6400000000003,1618207569.929,1618207569.929
1618207580,7c6d95,-37.44550284692798,145.20767211914062,146.1346979681489,271.2102941689212,-7.80288,QFA455  ,False,False,False,3604.0,2674.6200000000003,2758.4400000000005,1618207579.753,1618207579.867
1618207590,7c6d95,-37.44520568847656,145.19087121841756,145.61037301855075,271.01218761398246,-7.80288,QFA455  ,False,False,False,3604.0,2598.42,2689.86,1618207589.904,1618207589.998
1618207600,7c6d95,-37.444990772312,145.1751310929008,145.09600957689935,271.0157761810452,-7.477760000000001,QFA455  ,False,False,False,3604.0,2522.2200000000003,2606.0400000000004,1618207599.496,1618207599.885
1618207610,7c6d95,-37.44480456336072,145.15847247579825,144.05901765015815,270.8184554616886,-7.477760000000001,QFA455  ,False,False,False,3604.0,2446.02,2529.84,1618207609.916,1618207609.916
1618207620,7c6d95,-37.444610595703125,145.14277681391292,143.5529227159927,271.02669618005785,-7.80288,QFA455  ,False,False,False,3604.0,2369.82,2468.88,1618207619.338,1618207619.938
1618207630,7c6d95,-37.44438171386719,145.1257713804854,143.03023537774382,270.8243428208451,-7.477760000000001,QFA455  ,False,False,False,3604.0,2293.62,2385.0600000000004,1618207629.934,1618207629.934
1618207640,7c6d95,-37.44419860839844,145.11005158120014,142.00145463737374,270.830315486258,-7.477760000000001,QFA455  ,False,False,False,3604.0,2225.04,2308.86,1618207639.685,1618207639.987
1618207650,7c6d95,-37.4439697265625,145.09351365109708,141.505768691806,271.2498914301212,-6.827520000000001,QFA455  ,False,False,False,3604.0,2148.84,2232.6600000000003,1618207649.94,1618207649.984
1618207660,7c6d95,-37.44374084472656,145.07808604138964,140.477127289555,271.2590452071753,-7.477760000000001,QFA455  ,False,False,False,3604.0,2080.26,2164.0800000000004,1618207659.568,1618207659.956
1618207670,7c6d95,-37.44332885742188,145.06242468001994,140.00534624419825,271.8951248216931,-7.477760000000001,QFA455  ,False,False,False,3604.0,1996.44,2080.26,1618207669.782,1618207669.959
1618207680,7c6d95,-37.44300842285156,145.04641269115692,137.89498450194796,271.06882711185,-2.92608,QFA455  ,False,False,False,3604.0,1958.34,2042.16,1618207679.709,1618207679.85
1618207690,7c6d95,-37.44284936937237,145.03105495287025,134.8000352985034,270.8746767711213,-2.27584,QFA455  ,False,False,False,3604.0,1935.48,2019.3,1618207689.778,1618207689.855
1618207700,7c6d95,-37.44268798828125,145.01596653715094,131.7067066504934,270.67140418285,-2.92608,QFA455  ,False,False,False,3604.0,1905.0,1988.82,1618207699.848,1618207699.848
1618207710,7c6d95,-37.44264221191406,145.00246737865692,129.12544400000002,270.0,-4.22656,QFA455  ,False,False,False,3604.0,1874.52,1958.34,1618207709.229,1618207709.963
1618207720,7c6d95,-37.44259643554688,144.98733195852728,129.12954309031562,270.45653041409906,-6.1772800000000005,QFA455  ,False,False,False,3604.0,1805.94,1889.76,1618207719.504,1618207719.94
1618207730,7c6d95,-37.44245910644531,144.97231341422872,128.62025965866428,270.6875163546391,-6.1772800000000005,QFA455  ,False,False,False,3604.0,1744.98,1836.42,1618207729.888,1618207729.952
1618207740,7c6d95,-37.44227600097656,144.958113000748,128.1130832550966,270.92033496684905,-6.1772800000000005,QFA455  ,False,False,False,3604.0,7924.8,8008.62,1618207739.579,1618207739.765
1618207750,7c6d95,-37.44243039923202,144.94340316109034,127.21753900132563,267.21858633072486,-4.8768,QFA455  ,False,False,False,3604.0,1630.68,1714.5,1618207749.796,1618207749.876
1618207760,7c6d95,-37.44374084472656,144.92988748753325,124.92518115864704,261.235899172122,-3.2512000000000003,QFA455  ,False,False,False,3604.0,1592.5800000000002,1676.4,1618207759.39,1618207759.865
1618207770,7c6d95,-37.44573560811705,144.91587763247284,121.70705670889392,260.0200788542554,-3.5763200000000004,QFA455  ,False,False,False,3604.0,1562.1,1645.92,1618207769.794,1618207769.927
1618207780,7c6d95,-37.44759769762976,144.90250297214675,118.99680214998082,260.2933475906603,-2.92608,QFA455  ,False,False,False,3604.0,1531.62,1615.44,1618207779.906,1618207779.951
1618207790,7c6d95,-37.44937133789063,144.8895653257979,116.46221380009914,260.079987037598,-2.60096,QFA455  ,False,False,False,3604.0,1501.14,1584.96,1618207789.846,1618207789.848
1618207800,7c6d95,-37.45124816894531,144.87641679479722,113.33307570986278,260.06734986789843,-1.30048,QFA455  ,False,False,False,3604.0,1485.9,1569.72,1618207799.895,1618207799.895
1618207810,7c6d95,-37.45289611816406,144.86449546002328,109.19066325733532,259.96074521284766,-2.92608,QFA455  ,False,False,False,3604.0,1463.04,1546.86,1618207809.562,1618207809.886
1618207820,7c6d95,-37.454673637778114,144.85204945439878,108.17767771188124,259.8657487126044,-5.52704,QFA455  ,False,False,False,3604.0,1409.7,1493.52,1618207819.823,1618207819.904
1618207830,7c6d95,-37.45628356933594,144.84071122839097,107.1649951650612,259.76895655548174,-5.52704,QFA455  ,False,False,False,3604.0,1356.36,1440.18,1618207829.5,1618207829.93
1618207840,7c6d95,-37.458025398900986,144.82852438221806,106.15262428858088,259.67031791098054,-3.90144,QFA455  ,False,False,False,3604.0,1303.02,1386.84,1618207839.828,1618207839.98
1618207850,7c6d95,-37.46031188964844,144.81704387258978,103.30594014822768,251.1139126302907,-5.52704,QFA455  ,False,False,False,3604.0,1257.3,1341.12,1618207849.845,1618207849.971
1618207860,7c6d95,-37.4653806524762,144.80828326681387,100.03654265077122,224.7916526291938,-6.1772800000000005,QFA455  ,False,False,False,3604.0,1196.34,1280.16,1618207859.68,1618207859.725
1618207870,7c6d95,-37.4732479806674,144.8029095193614,97.2856994792227,198.81819246855676,-5.20192,QFA455  ,False,False,False,3604.0,1135.38,1219.2,1618207869.444,1618207869.967
1618207880,7c6d95,-37.48213945809061,144.80231243631115,96.8521955718939,176.95522155580602,-5.8521600000000005,QFA455  ,False,False,False,3604.0,1082.04,1165.86,1618207879.707,1618207879.904
1618207890,7c6d95,-37.49065851761122,144.80434251868206,96.04822406698985,168.56969841837247,-4.55168,QFA455  ,False,False,False,3604.0,1028.7,1112.52,1618207889.821,1618207889.97
1618207900,7c6d95,-37.49894714355469,144.8061744202959,94.384702941456,170.58901808245687,-4.22656,QFA455  ,False,False,False,3604.0,990.6,1074.42,1618207899.596,1618207899.798
1618207910,7c6d95,-37.50750732421875,144.80786911984708,93.12715316590923,171.4222834749835,-4.55168,QFA455  ,False,False,False,3604.0,944.88,1028.7,1618207909.902,1618207910.0
1618207920,7c6d95,-37.51570129394531,144.80933006773606,91.96037250583396,171.96055544916337,-4.55168,QFA455  ,False,False,False,3604.0,891.5400000000001,975.36,1618207919.939,1618207919.94
1618207930,7c6d95,-37.5238037109375,144.81085072393003,91.52477816095856,171.59662890943915,-5.20192,QFA455  ,False,False,False,3604.0,845.82,929.64,1618207929.694,1618207929.992
1618207940,7c6d95,-37.53172302246094,144.81225196351397,91.52477816095856,171.59662890943915,-4.8768,QFA455  ,False,False,False,3604.0,792.48,883.9200000000001,1618207939.613,1618207939.955
1618207950,7c6d95,-37.54023742675781,144.81382978723406,91.09291154601516,171.22923671726784,-4.8768,QFA455  ,False,False,False,3604.0,746.76,830.58,1618207949.932,1618207949.932
1618207960,7c6d95,-37.54833984375,144.81540761095414,91.01588841837416,171.54930110639793,-4.8768,QFA455  ,False,False,False,3604.0,693.4200000000001,777.2400000000001,1618207959.985,1618207959.985
1618207970,7c6d95,-37.55589294433594,144.81681012092753,87.88715283796202,171.58531829969343,-4.22656,QFA455  ,False,False,False,3604.0,647.7,731.5200000000001,1618207969.938,1618207969.938
1618207980,7c6d95,-37.56379208322301,144.8182545537534,84.32645784245408,171.22726270247057,-4.55168,QFA455  ,False,False,False,3604.0,601.98,685.8000000000001,1618207979.962,1618207979.985
1618207990,7c6d95,-37.57100768008473,144.81968755307406,80.68902855639506,171.19829167679217,-4.22656,QFA455  ,False,False,False,3604.0,556.26,640.08,1618207989.782,1618207989.961
1618208000,7c6d95,-37.57752499337926,144.82082201086956,77.48319102844282,171.60090535214755,-4.22656,QFA455  ,False,False,False,3604.0,518.1600000000001,601.9800000000001,1618207999.446,1618207999.758
1618208010,7c6d95,-37.58474059024098,144.82213559358016,74.35451178409446,171.64564916462032,-3.2512000000000003,QFA455  ,False,False,False,3604.0,480.06,556.26,1618208009.652,1618208009.955
1618208020,7c6d95,-37.591397560248936,144.82338946798575,70.71687266949702,171.63411387596744,-3.90144,QFA455  ,False,False,False,3604.0,441.96,518.1600000000001,1618208019.998,1618208019.998
1618208030,7c6d95,-37.59713745117188,144.8244654878657,68.68164574120269,171.38435181583588,-3.5763200000000004,QFA455  ,False,False,False,3604.0,411.48,495.3,1618208029.578,1618208029.885
1618208040,7c6d95,-37.60308837890625,144.8255758082613,68.17305054240492,171.31958157492872,-3.5763200000000004,QFA455  ,False,False,False,3604.0,373.38,449.58,1618208039.253,1618208039.827
1618208050,7c6d95,-37.6093201718088,144.82673313306725,68.60646477689811,171.80913862353663,-4.22656,QFA455  ,False,False,False,3604.0,335.28000000000003,411.48,1618208049.594,1618208049.966
1618208060,7c6d95,-37.615631103515625,144.82791332488364,69.19032741966976,171.44816976617994,-4.22656,QFA455  ,False,False,False,1132.0,289.56,373.38,1618208059.672,1618208059.975
1618208070,7c6d95,-37.62151685811705,144.82900204865828,69.19032741966976,171.44816976617994,-3.90144,QFA455  ,False,False,False,3604.0,251.46,335.28000000000003,1618208069.418,1618208069.729
1618208080,7c6d95,-37.62789916992188,144.83019240359044,68.60646477689811,171.80913862353663,-3.5763200000000004,QFA455  ,False,False,False,3604.0,220.98,297.18,1618208079.87,1618208079.87
1618208090,7c6d95,-37.63348078323622,144.83121125594428,69.69909368435444,171.5110561194953,-3.2512000000000003,QFA455  ,False,False,False,3604.0,190.5,266.7,1618208088.749,1618208089.667
1618208100,7c6d95,-37.64046361890894,144.8325248386549,69.19032741966976,171.44816976617994,-3.90144,QFA455  ,False,False,False,3604.0,144.78,220.98,1618208099.927,1618208099.927
1618208110,7c6d95,-37.64630126953125,144.8336402406084,68.17305054240492,171.31958157492872,-2.92608,QFA455  ,False,False,False,3604.0,114.3,190.5,1618208109.762,1618208109.763
1618208120,7c6d95,-37.6513568425583,144.8345549210258,68.09730807984256,171.74747095286392,-2.92608,QFA455  ,False,False,False,3604.0,76.2,167.64,1618208117.938,1618208119.505
