time,icao24,lat,lon,velocity,heading,vertrate,callsign,onground,alert,spi,squawk,baroaltitude,geoaltitude,lastposupdate,lastcontact
1649050180,7c77fc,-33.96295166015625,151.18033895687182,86.8801337222029,167.6919841825721,12.35456,QFA455  ,False,False,False,3725.0,213.36,220.98,1649050179.835,1649050179.986
1649050190,7c77fc,-33.97098347292109,151.18131637573242,89.51916895413005,179.3414568224364,9.42848,QFA455  ,False,False,False,3725.0,304.8,312.42,1649050189.967,1649050189.967
1649050200,7c77fc,-33.97856140136719,151.18033895687182,89.71555277605533,187.24726889348767,13.32992,QFA455  ,False,False,False,3725.0,426.72,434.34,1649050199.358,1649050199.936
1649050210,7c77fc,-33.98712158203125,151.17904974489795,95.2721954269838,186.5110194434006,5.20192,QFA455  ,False,False,False,3725.0,502.92,525.78,1649050209.678,1649050209.899
1649050220,7c77fc,-33.99602857686705,151.17794036865234,103.91386780106848,185.68236861785505,6.1772800000000005,QFA455  ,False,False,False,3725.0,548.64,571.5,1649050219.385,1649050219.96
1649050230,7c77fc,-34.006256103515625,151.17680763711735,112.6197700171407,185.24181994697955,6.1772800000000005,QFA455  ,False,False,False,3725.0,609.6,632.46,1649050229.877,1649050229.929
1649050240,7c77fc,-34.01693053164723,151.17576599121094,119.99895645916992,182.7029440378147,8.128,QFA455  ,False,False,False,3725.0,685.8000000000001,716.2800000000001,1649050239.876,1649050240.0
1649050250,7c77fc,-34.02800996424787,151.17639541625977,128.6418629368919,174.7225939170928,9.42848,QFA455  ,False,False,False,3725.0,769.62,800.1,1649050249.711,1649050249.994
1649050260,7c77fc,-34.03912353515625,151.1788815868144,131.79810304390006,167.37416312109272,14.305280000000002,QFA455  ,False,False,False,3725.0,899.1600000000001,922.02,1649050259.336,1649050259.922
1649050270,7c77fc,-34.05151884434588,151.18297576904297,135.182336278971,164.32415883569826,14.955520000000002,QFA455  ,False,False,False,3725.0,1043.94,1082.0400000000002,1649050269.962,1649050269.962
1649050280,7c77fc,-34.06306457519531,151.18689712213012,137.9372011694976,164.201365508413,13.65504,QFA455  ,False,False,False,3725.0,1173.48,1219.2,1649050279.757,1649050279.998
1649050290,7c77fc,-34.07507427668168,151.19081497192383,140.1423262550703,164.89245541880456,16.581120000000002,QFA455  ,False,False,False,3725.0,1310.64,1363.98,1649050289.579,1649050289.821
1649050300,7c77fc,-34.087270962989976,151.1948204040527,140.90977077878026,164.54307182902775,14.305280000000002,QFA455  ,False,False,False,3725.0,1470.66,1516.38,1649050299.541,1649050299.999
1649050310,7c77fc,-34.10009765625,151.19900450414542,144.51848163306212,164.72699313657648,12.35456,QFA455  ,False,False,False,3725.0,1592.5800000000002,1638.3,1649050309.939,1649050309.939
1649050320,7c77fc,-34.11264193260064,151.20323181152344,146.55786359209034,164.1098555568911,15.280640000000002,QFA455  ,False,False,False,3725.0,1737.36,1798.3200000000002,1649050319.726,1649050319.999
1649050330,7c77fc,-34.12522888183594,151.20758056640625,146.55786359209034,164.1098555568911,17.231360000000002,QFA455  ,False,False,False,3725.0,1905.0,1965.96,1649050329.619,1649050329.967
1649050340,7c77fc,-34.1384318723517,151.21192932128906,148.36158251124556,165.33733478645783,14.630400000000002,QFA455  ,False,False,False,3725.0,2049.78,2110.74,1649050339.931,1649050339.998
1649050350,7c77fc,-34.151275634765625,151.21374636280294,147.1453733383229,179.198712669893,14.630400000000002,QFA455  ,False,False,False,3725.0,2186.94,2255.52,1649050349.633,1649050349.98
1649050360,7c77fc,-34.164093017578125,151.21094372807718,143.59163287158304,196.2273610435155,15.60576,QFA455  ,False,False,False,3725.0,2354.58,2415.54,1649050359.591,1649050359.974
1649050370,7c77fc,-34.17585987155724,151.20391845703125,141.88958666383448,211.961343416977,15.60576,QFA455  ,False,False,False,3725.0,2506.98,2575.56,1649050369.978,1649050369.99
1649050380,7c77fc,-34.18512376688295,151.1945343017578,140.1564889600892,222.7688253919688,16.256,QFA455  ,False,False,False,3725.0,2659.38,2735.58,1649050379.473,1649050379.981
1649050390,7c77fc,-34.19476318359375,151.1839263293208,141.3289185770279,222.04922089099364,14.630400000000002,QFA455  ,False,False,False,3725.0,2804.1600000000003,2880.36,1649050389.828,1649050389.955
1649050400,7c77fc,-34.20430328886391,151.17359161376953,140.64187677084175,221.73796652260324,17.231360000000002,QFA455  ,False,False,False,3725.0,2979.42,3048.0,1649050399.985,1649050399.985
1649050410,7c77fc,-34.21347407971399,151.1638641357422,141.79722914552784,221.3228090201572,14.630400000000002,QFA455  ,False,False,False,3725.0,3124.2000000000003,3208.0200000000004,1649050409.565,1649050409.925
1649050420,7c77fc,-34.22332763671875,151.15348971619898,146.5398045859726,221.29945694482163,4.55168,QFA455  ,False,False,False,3725.0,3208.02,3299.46,1649050419.723,1649050419.928
1649050430,7c77fc,-34.23386395987819,151.14229202270508,153.41561937088375,221.60162857433747,6.1772800000000005,QFA455  ,False,False,False,3725.0,3261.36,3345.1800000000003,1649050429.938,1649050429.991
1649050440,7c77fc,-34.244524422338486,151.1309051513672,159.9953922873393,221.4805469645046,5.20192,QFA455  ,False,False,False,3725.0,3314.7000000000003,3406.1400000000003,1649050439.897,1649050439.967
1649050450,7c77fc,-34.255603854939125,151.1191177368164,166.53133145006768,221.61884057354916,4.8768,QFA455  ,False,False,False,3725.0,3360.42,3451.86,1649050449.868,1649050449.998
1649050460,7c77fc,-34.266998291015625,151.10690992705676,172.34181128009578,221.73296175948508,5.20192,QFA455  ,False,False,False,3725.0,3413.76,3505.2000000000003,1649050459.789,1649050459.995
1649050470,7c77fc,-34.27874031713452,151.0942268371582,178.8793619333658,221.85248560119476,4.8768,QFA455  ,False,False,False,3725.0,3459.48,3550.92,1649050469.713,1649050469.894
1649050480,7c77fc,-34.290618896484375,151.0813498983578,184.30885183674823,222.0585350060889,7.80288,QFA455  ,False,False,False,3725.0,3512.82,3604.26,1649050479.441,1649050479.99
1649050490,7c77fc,-34.30329895019531,151.06756093550703,186.87067657036528,221.98721249581664,14.305280000000002,QFA455  ,False,False,False,3725.0,3627.12,3726.18,1649050489.657,1649050489.894
1649050500,7c77fc,-34.31570279396186,151.05411529541016,186.87067657036528,221.98721249581664,15.93088,QFA455  ,False,False,False,3725.0,3787.14,3886.2,1649050499.508,1649050499.992
1649050510,7c77fc,-34.32850465936178,151.04026794433594,187.5972085736296,221.99889121141385,14.955520000000002,QFA455  ,False,False,False,3725.0,3939.54,4046.22,1649050509.785,1649050509.96
1649050520,7c77fc,-34.34107376357258,151.02659225463867,188.3237483109505,222.01047981616733,14.305280000000002,QFA455  ,False,False,False,3725.0,4076.7,4175.76,1649050519.795,1649050519.988
1649050530,7c77fc,-34.35350321106995,151.01314544677734,189.7768506324535,222.03339082916912,13.0048,QFA455  ,False,False,False,3725.0,4213.860000000001,4320.54,1649050529.526,1649050529.891
1649050540,7c77fc,-34.366607666015625,150.99884033203125,190.8857615943224,221.94130242590415,15.93088,QFA455  ,False,False,False,3725.0,4351.02,4465.320000000001,1649050539.862,1649050539.97
1649050550,7c77fc,-34.37966556872351,150.9847640991211,192.7215987521258,221.86216238194496,13.32992,QFA455  ,False,False,False,3725.0,4472.9400000000005,4594.860000000001,1649050549.922,1649050549.94
1649050560,7c77fc,-34.39209501622088,150.97131729125977,193.06528842019355,221.9758645499336,17.231360000000002,QFA455  ,False,False,False,3725.0,4632.96,4762.5,1649050559.477,1649050559.947
1649050570,7c77fc,-34.4048968816208,150.95741271972656,193.06528842019355,221.9758645499336,15.280640000000002,QFA455  ,False,False,False,3725.0,4785.360000000001,4914.900000000001,1649050569.385,1649050569.868
1649050580,7c77fc,-34.41815185546875,150.9429557955995,194.86293970518324,222.1108884369051,14.630400000000002,QFA455  ,False,False,False,3725.0,4922.52,5067.3,1649050579.568,1649050579.992
1649050590,7c77fc,-34.431385104939125,150.92863082885742,195.9714306332469,222.0207514848716,13.65504,QFA455  ,False,False,False,3725.0,5059.68,5212.08,1649050589.785,1649050589.98
1649050600,7c77fc,-34.44428007481463,150.91461181640625,197.08040111748429,221.9316287147352,13.32992,QFA455  ,False,False,False,3725.0,5189.22,5334.0,1649050599.572,1649050599.968
1649050610,7c77fc,-34.45810608944652,150.89962005615234,198.91627705360133,221.855042535302,11.70432,QFA455  ,False,False,False,3725.0,5311.14,5463.54,1649050609.944,1649050609.999
1649050620,7c77fc,-34.47111511230469,150.8855578364158,200.36916888566265,221.8778695378843,12.67968,QFA455  ,False,False,False,3725.0,5425.4400000000005,5577.840000000001,1649050619.559,1649050619.987
1649050630,7c77fc,-34.484893798828125,150.87059176698023,201.8220920639351,221.90036787946872,12.35456,QFA455  ,False,False,False,3725.0,5539.740000000001,5707.380000000001,1649050629.83,1649050629.959
1649050640,7c77fc,-34.49795480501854,150.85641860961914,203.61911878081315,222.03025157092387,12.02944,QFA455  ,False,False,False,3725.0,5661.66,5814.06,1649050639.397,1649050639.97
1649050650,7c77fc,-34.51167297363281,150.84150041852678,205.41717355042115,222.15786211634432,12.35456,QFA455  ,False,False,False,3725.0,5775.96,5951.22,1649050649.509,1649050649.906
1649050660,7c77fc,-34.5261189088983,150.82574844360352,206.52540031362597,222.0720793539708,13.32992,QFA455  ,False,False,False,3725.0,5905.5,6073.14,1649050659.965,1649050659.965
1649050670,7c77fc,-34.53950500488281,150.8111198580995,207.2162296109316,222.2832574394572,13.98016,QFA455  ,False,False,False,3725.0,6035.04,6217.92,1649050669.732,1649050670.0
1649050680,7c77fc,-34.552734375,150.79531299824615,207.037347060892,226.30881471648152,14.630400000000002,QFA455  ,False,False,False,3725.0,6172.200000000001,6362.700000000001,1649050679.69,1649050679.969
1649050690,7c77fc,-34.565185546875,150.77810482102998,205.63929669811597,230.1760766407413,15.93088,QFA455  ,False,False,False,3725.0,6324.6,6515.1,1649050689.873,1649050690.0
1649050700,7c77fc,-34.576446533203125,150.76039216956315,205.68304919287107,233.64600838666016,12.35456,QFA455  ,False,False,False,3725.0,6454.14,6652.26,1649050699.81,1649050699.888
1649050710,7c77fc,-34.587241997153114,150.74254989624023,204.96381239419128,233.67658167125583,15.93088,QFA455  ,False,False,False,3725.0,6606.54,6812.28,1649050709.778,1649050709.991
1649050720,7c77fc,-34.598052978515625,150.7247426558514,204.96381239419128,233.67658167125583,13.0048,QFA455  ,False,False,False,3725.0,6728.46,6934.2,1649050719.597,1649050719.915
1649050730,7c77fc,-34.60881042480469,150.70703000438456,206.09759258921423,233.7307849737368,9.42848,QFA455  ,False,False,False,3725.0,6842.76,7048.5,1649050729.488,1649050730.0
1649050740,7c77fc,-34.620208740234375,150.68814024633292,206.9280248744234,233.8993182183082,10.72896,QFA455  ,False,False,False,3725.0,6941.820000000001,7155.18,1649050739.871,1649050739.949
1649050750,7c77fc,-34.631011962890625,150.670203384088,208.062549502939,233.95179557436245,9.10336,QFA455  ,False,False,False,3725.0,7033.26,7254.24,1649050749.594,1649050749.998
1649050760,7c77fc,-34.642173637778114,150.65162658691406,209.1972467772634,234.00370369348676,8.77824,QFA455  ,False,False,False,3725.0,7124.700000000001,7345.68,1649050759.79,1649050759.986
1649050770,7c77fc,-34.65367126464844,150.6325359733737,210.6345082212725,233.94176159031167,8.45312,QFA455  ,False,False,False,3725.0,7208.52,7429.5,1649050769.992,1649050769.992
1649050780,7c77fc,-34.66456526416846,150.6144905090332,212.07201251016969,233.88065915052027,8.45312,QFA455  ,False,False,False,3725.0,7292.34,7520.94,1649050779.745,1649050779.951
1649050790,7c77fc,-34.67611021914723,150.59532165527344,213.9252142287726,233.901716032892,8.77824,QFA455  ,False,False,False,3725.0,7368.54,7597.14,1649050789.949,1649050789.949
1649050800,7c77fc,-34.686863786083165,150.57735443115234,215.1741593612641,234.14383866491409,8.45312,QFA455  ,False,False,False,3725.0,7452.360000000001,7680.960000000001,1649050799.435,1649050799.862
1649050810,7c77fc,-34.69859495001327,150.5576133728027,216.7268986975481,234.2726017772003,7.80288,QFA455  ,False,False,False,3725.0,7528.56,7764.780000000001,1649050809.827,1649050809.988
1649050820,7c77fc,-34.70981403932734,150.53878784179688,218.16307850738227,234.21102654081665,8.128,QFA455  ,False,False,False,3725.0,7604.76,7840.98,1649050819.552,1649050819.942
1649050830,7c77fc,-34.72169494628906,150.51880505620218,219.5995069908978,234.1502567780149,8.128,QFA455  ,False,False,False,3725.0,7680.96,7909.56,1649050829.872,1649050829.992
1649050840,7c77fc,-34.73313903808594,150.49969108737244,221.75460540823084,234.06057845023437,5.52704,QFA455  ,False,False,False,3725.0,7741.92,7985.76,1649050839.667,1649050839.962
1649050850,7c77fc,-34.745193740068885,150.47945022583008,222.8896533792507,234.1087439412339,7.80288,QFA455  ,False,False,False,3725.0,7818.120000000001,8061.960000000001,1649050849.998,1649050849.998
1649050860,7c77fc,-34.75639343261719,150.4606223592953,224.44207734374447,234.2333235092772,7.152640000000001,QFA455  ,False,False,False,3725.0,7886.700000000001,8130.540000000001,1649050859.514,1649050859.996
1649050870,7c77fc,-34.76847839355469,150.44027523118623,225.5776813189572,234.2800456877097,7.477760000000001,QFA455  ,False,False,False,3725.0,7962.900000000001,8214.36,1649050869.658,1649050869.901
1649050880,7c77fc,-34.78052688857258,150.4200553894043,226.5966692971518,234.1447716537843,7.477760000000001,QFA455  ,False,False,False,3725.0,8023.860000000001,8275.32,1649050879.751,1649050879.967
1649050890,7c77fc,-34.79241943359375,150.4001975546078,228.03335989558724,234.086666828236,7.152640000000001,QFA455  ,False,False,False,3725.0,8100.06,8351.52,1649050889.714,1649050889.976
1649050900,7c77fc,-34.804361634335294,150.3801727294922,228.75179231079056,234.0578881286177,6.827520000000001,QFA455  ,False,False,False,3725.0,8168.64,8420.1,1649050899.546,1649050899.772
1649050910,7c77fc,-34.816511768405746,150.3598594665527,230.18882865422893,234.0008696849945,7.152640000000001,QFA455  ,False,False,False,3725.0,8229.6,8488.68,1649050909.568,1649050909.817
1649050920,7c77fc,-34.82926708156782,150.33863067626953,231.6260901346803,233.94455879569497,6.827520000000001,QFA455  ,False,False,False,3725.0,8305.800000000001,8557.26,1649050919.936,1649050919.982
1649050930,7c77fc,-34.841217041015625,150.31875298947705,233.06357258700535,233.88894247842453,6.827520000000001,QFA455  ,False,False,False,3725.0,8366.76,8625.84,1649050929.594,1649050929.909
1649050940,7c77fc,-34.85342769299524,150.29829025268555,233.8955726955728,234.03748274123728,7.80288,QFA455  ,False,False,False,3725.0,8450.58,8702.04,1649050939.642,1649050939.947
1649050950,7c77fc,-34.86627611063295,150.2768325805664,233.4793764857509,233.96334494002,9.10336,QFA455  ,False,False,False,3725.0,8526.78,8785.86,1649050949.911,1649050949.998
1649050960,7c77fc,-34.87861245365468,150.25634765625,231.6260901346803,233.94455879569497,14.305280000000002,QFA455  ,False,False,False,3725.0,8656.32,8915.4,1649050959.959,1649050959.984
1649050970,7c77fc,-34.89057637877386,150.23637771606445,230.18882865422893,234.0008696849945,11.70432,QFA455  ,False,False,False,3725.0,8778.24,9044.94,1649050969.788,1649050969.898
1649050980,7c77fc,-34.90267996060646,150.21612167358398,228.4502100362773,234.1623470457217,13.0048,QFA455  ,False,False,False,3725.0,8915.4,9182.1,1649050979.77,1649050979.993
1649050990,7c77fc,-34.91487664691476,150.1955795288086,226.5966692971518,234.1447716537843,12.67968,QFA455  ,False,False,False,3725.0,9037.32,9304.02,1649050989.954,1649050989.956
1649051000,7c77fc,-34.926514706369176,150.17601013183594,224.7431502312448,234.12690636188316,12.02944,QFA455  ,False,False,False,3725.0,9159.24,9425.94,1649050999.758,1649050999.936
1649051010,7c77fc,-34.938446044921875,150.1559759646046,223.6080422749489,234.07923230626147,10.40384,QFA455  ,False,False,False,3725.0,9265.92,9540.24,1649051009.908,1649051009.93
1649051020,7c77fc,-34.950439453125,150.1358530472736,223.30662413328704,234.1861261601535,9.7536,QFA455  ,False,False,False,3725.0,9364.98,9639.3,1649051019.989,1649051019.989
1649051030,7c77fc,-34.96156854144601,150.11707305908203,221.8703396802117,234.24611274556324,10.40384,QFA455  ,False,False,False,3725.0,9456.42,9738.36,1649051029.698,1649051029.983
1649051040,7c77fc,-34.97355651855469,150.09689642458545,220.73484610972343,234.19843129381948,11.05408,QFA455  ,False,False,False,3725.0,9570.72,9852.660000000002,1649051039.876,1649051039.986
1649051050,7c77fc,-34.98468017578125,150.07811877192285,220.01669878133484,234.22871744301972,9.10336,QFA455  ,False,False,False,3725.0,9662.16,9951.72,1649051049.476,1649051049.957
1649051060,7c77fc,-34.9962158203125,150.05866848692602,219.29861333056013,234.2592019426048,10.40384,QFA455  ,False,False,False,3725.0,9753.6,10050.78,1649051059.48,1649051059.918
1649051070,7c77fc,-35.00826043597726,150.03828048706055,218.16307850738227,234.21102654081665,10.40384,QFA455  ,False,False,False,3725.0,9867.9,10165.08,1649051069.929,1649051069.989
1649051080,7c77fc,-35.01960754394531,150.01915133729273,217.86263050921767,234.3207737681308,7.477760000000001,QFA455  ,False,False,False,3725.0,9944.1,10241.28,1649051079.832,1649051079.98
1649051090,7c77fc,-35.03105163574219,149.99981315768494,217.4449572102777,234.24171248602863,8.128,QFA455  ,False,False,False,3725.0,10020.3,10309.86,1649051089.885,1649051089.983
1649051100,7c77fc,-35.04233667405987,149.9807167053223,217.4449572102777,234.24171248602863,7.80288,QFA455  ,False,False,False,3725.0,10096.5,10401.3,1649051099.77,1649051099.98
1649051110,7c77fc,-35.05366516113281,149.96164127272002,217.0276995344634,234.1623470457217,7.80288,QFA455  ,False,False,False,3725.0,10172.7,10477.5,1649051109.603,1649051109.911
1649051120,7c77fc,-35.06483459472656,149.94275151466837,217.1447343824285,234.35186504478617,8.128,QFA455  ,False,False,False,3725.0,10248.9,10561.32,1649051119.538,1649051119.988
1649051130,7c77fc,-35.076873779296875,149.9222922811703,216.4269026210732,234.3831625740694,8.128,QFA455  ,False,False,False,3725.0,10325.1,10637.52,1649051129.97,1649051129.97
1649051140,7c77fc,-35.08805097159694,149.9032974243164,214.99143477351203,234.4463845785304,9.7536,QFA455  ,False,False,False,3725.0,10416.54,10728.96,1649051139.994,1649051139.997
1649051150,7c77fc,-35.09922350867322,149.8842430114746,213.5562322103038,234.5104564276004,10.40384,QFA455  ,False,False,False,3725.0,10523.22,10835.64,1649051149.95,1649051149.979
1649051160,7c77fc,-35.11024475097656,149.8655109016263,212.4199017445669,234.46232220802565,10.07872,QFA455  ,False,False,False,3725.0,10607.04,10927.080000000002,1649051159.853,1649051159.912
1649051170,7c77fc,-35.12104797363281,149.84706956513074,209.84838555449133,234.47865044340944,12.35456,QFA455  ,False,False,False,3725.0,10713.72,11041.38,1649051169.72,1649051169.961
1649051180,7c77fc,-35.13121032714844,149.82980533522002,207.2768868300039,234.4953838197705,12.67968,QFA455  ,False,False,False,3725.0,10835.64,11170.920000000002,1649051179.153,1649051179.994
1649051190,7c77fc,-35.1425636420816,149.81042861938477,204.2867423218057,234.428776673502,13.65504,QFA455  ,False,False,False,3725.0,10965.18,11300.46,1649051189.55,1649051189.819
1649051200,7c77fc,-35.1533203125,149.79225002989477,202.0147636140227,234.32663085836185,9.10336,QFA455  ,False,False,False,3725.0,11071.86,11414.76,1649051199.702,1649051199.975
1649051210,7c77fc,-35.16371154785156,149.77453737842794,203.27048906286916,234.5803186450894,1.6256000000000002,QFA455  ,False,False,False,3725.0,11094.72,11445.240000000002,1649051209.496,1649051209.985
1649051220,7c77fc,-35.17424011230469,149.75648841079402,201.4164877070828,234.56439296616287,11.3792,QFA455  ,False,False,False,3725.0,11178.54,11529.06,1649051219.496,1649051219.994
1649051230,7c77fc,-35.184906005859375,149.73832733777104,199.14365788553147,234.46232220802565,7.80288,QFA455  ,False,False,False,3725.0,11269.98,11620.500000000002,1649051229.765,1649051229.999
1649051240,7c77fc,-35.195540088718246,149.72007751464844,198.12773964439504,234.61796988298372,7.80288,QFA455  ,False,False,False,3725.0,11346.18,11704.32,1649051239.935,1649051239.97
1649051250,7c77fc,-35.205828133275986,149.70245361328125,196.57214227097816,234.4797532325907,7.477760000000001,QFA455  ,False,False,False,3725.0,11422.38,11772.9,1649051249.968,1649051249.968
1649051260,7c77fc,-35.21583686440681,149.68534469604492,195.4359146681228,234.4272574758592,6.827520000000001,QFA455  ,False,False,False,3725.0,11483.34,11849.1,1649051259.691,1649051259.952
1649051270,7c77fc,-35.225921630859375,149.66814936423788,194.4196794471928,234.58569035222092,7.477760000000001,QFA455  ,False,False,False,3725.0,11551.92,11910.06,1649051269.651,1649051269.855
1649051280,7c77fc,-35.23603820800781,149.65078353881836,193.70234172693452,234.6215258784528,0.97536,QFA455  ,False,False,False,3725.0,11582.4,11955.78,1649051279.701,1649051279.977
1649051290,7c77fc,-35.24618892346399,149.63332155917553,193.70234172693452,234.6215258784528,0.0,QFA455  ,False,False,False,3725.0,11582.4,11955.78,1649051289.889,1649051289.985
1649051300,7c77fc,-35.25636291503906,149.6158790588379,193.28312168639496,234.53323279003,0.0,QFA455  ,False,False,False,3725.0,11582.4,11948.160000000002,1649051299.995,1649051299.995
1649051310,7c77fc,-35.2665322513904,149.59849256150267,192.8643626293766,234.44455607541263,0.0,QFA455  ,False,False,False,3725.0,11574.78,11940.54,1649051310.0,1649051310.0
1649051320,7c77fc,-35.27613830566406,149.5821189880371,192.8643626293766,234.44455607541263,-0.32512,QFA455  ,False,False,False,3725.0,11574.78,11948.16,1649051319.612,1649051319.832
1649051330,7c77fc,-35.28639221191406,149.5646095275879,192.44606756515407,234.3554936565301,0.0,QFA455  ,False,False,False,3725.0,11574.78,11948.16,1649051329.593,1649051329.996
1649051340,7c77fc,-35.2963722358316,149.5475931370512,192.1467278608139,234.4801546940708,0.0,QFA455  ,False,False,False,3725.0,11574.78,11948.16,1649051339.556,1649051339.928
1649051350,7c77fc,-35.306488037109375,149.53033447265625,191.4291678227648,234.51602020496816,0.32512,QFA455  ,False,False,False,3725.0,11574.78,11948.16,1649051349.674,1649051349.987
1649051360,7c77fc,-35.31657590704452,149.5130563289561,191.01050089638775,234.42644508089688,0.0,QFA455  ,False,False,False,3725.0,11582.4,11955.78,1649051359.79,1649051359.945
1649051370,7c77fc,-35.326629638671875,149.49588775634766,190.71168335875845,234.5521555924149,0.0,QFA455  ,False,False,False,3725.0,11574.78,11948.16,1649051369.966,1649051369.996
1649051380,7c77fc,-35.33656311035156,149.4788360595703,190.11681545563223,234.80475909030136,0.32512,QFA455  ,False,False,False,3725.0,11574.78,11948.16,1649051379.825,1649051379.993
1649051390,7c77fc,-35.34599304199219,149.46247100830078,189.82077376200988,234.93165331970908,0.0,QFA455  ,False,False,False,3725.0,11582.4,11955.78,1649051389.486,1649051389.955
1649051400,7c77fc,-35.35619186142748,149.4449177194149,189.99427532497657,234.58856388494377,0.0,QFA455  ,False,False,False,3725.0,11582.4,11955.78,1649051399.75,1649051399.96
1649051410,7c77fc,-35.365921279131385,149.42832135139628,189.8744437886563,234.3720927085791,-0.32512,QFA455  ,False,False,False,3725.0,11582.4,11955.78,1649051409.644,1649051409.857
1649051420,7c77fc,-35.37593078613281,149.41120147705078,189.45653189900617,234.2814649188286,0.0,QFA455  ,False,False,False,3725.0,11574.78,11940.54,1649051419.737,1649051419.98
1649051430,7c77fc,-35.38554382324219,149.39483642578125,189.15665862268716,234.40797908851988,0.0,QFA455  ,False,False,False,3725.0,11582.4,11948.160000000002,1649051429.409,1649051429.908
1649051440,7c77fc,-35.39580781581037,149.37724661319814,189.2769445904894,234.62524815612392,0.32512,QFA455  ,False,False,False,3725.0,11582.4,11955.78,1649051439.744,1649051439.984
1649051450,7c77fc,-35.40549068127649,149.36059180726397,189.2769445904894,234.62524815612392,0.0,QFA455  ,False,False,False,3725.0,11582.4,11955.78,1649051449.585,1649051449.928
1649051460,7c77fc,-35.4156390691208,149.34311887051197,189.2769445904894,234.62524815612392,-0.32512,QFA455  ,False,False,False,3725.0,11574.78,11948.16,1649051459.978,1649051459.978
1649051470,7c77fc,-35.42550814353814,149.326171875,189.2769445904894,234.62524815612392,0.0,QFA455  ,False,False,False,3725.0,11574.78,11948.16,1649051469.918,1649051469.954
1649051480,7c77fc,-35.435211181640625,149.3093490600586,188.9795872207588,234.75242494165377,0.0,QFA455  ,False,False,False,3725.0,11574.78,11948.16,1649051479.734,1649051479.917
1649051490,7c77fc,-35.4451904296875,149.2920684814453,188.9795872207588,234.75242494165377,0.0,QFA455  ,False,False,False,3725.0,11582.4,11955.78,1649051489.989,1649051489.989
1649051500,7c77fc,-35.45478950112556,149.27544776429522,188.9795872207588,234.75242494165377,-0.65024,QFA455  ,False,False,False,3725.0,11574.78,11948.16,1649051499.743,1649051499.949
1649051510,7c77fc,-35.46427917480469,149.25899505615234,189.39994882850183,234.8422381334252,-5.20192,QFA455  ,False,False,False,3725.0,11529.06,11910.06,1649051509.535,1649051509.836
1649051520,7c77fc,-35.4744873046875,149.2412567138672,189.39994882850183,234.8422381334252,-5.8521600000000005,QFA455  ,False,False,False,3725.0,11475.72,11849.1,1649051519.909,1649051519.972
1649051530,7c77fc,-35.48435017213984,149.22413927443486,190.9585360896542,234.9826892360951,-5.20192,QFA455  ,False,False,False,3725.0,11430.0,11803.38,1649051529.877,1649051529.988
1649051540,7c77fc,-35.49403303760596,149.20713384100733,192.391739333034,234.90757109018807,-4.8768,QFA455  ,False,False,False,3725.0,11376.66,11757.66,1649051539.81,1649051539.851
1649051550,7c77fc,-35.50385555978551,149.19006996966425,193.8252683830016,234.8335639642071,-4.8768,QFA455  ,False,False,False,3725.0,11330.94,11704.320000000002,1649051549.739,1649051549.987
1649051560,7c77fc,-35.51426696777344,149.17207717895508,194.83917067295812,234.67335543240355,-4.55168,QFA455  ,False,False,False,3725.0,11292.84,11658.6,1649051559.754,1649051559.971
1649051570,7c77fc,-35.52419888771186,149.15494878241358,195.1370926623557,234.5501183077327,-4.55168,QFA455  ,False,False,False,3725.0,11247.12,11612.88,1649051569.614,1649051569.889
1649051580,7c77fc,-35.534454345703125,149.13728713989258,194.83917067295812,234.67335543240355,-5.20192,QFA455  ,False,False,False,3725.0,11201.4,11567.160000000002,1649051579.645,1649051579.931
1649051590,7c77fc,-35.54426290221136,149.12029509848736,195.25911606365855,234.760643632178,-5.8521600000000005,QFA455  ,False,False,False,3725.0,11148.06,11506.2,1649051589.397,1649051589.915
1649051600,7c77fc,-35.5546875,149.10215377807617,195.67951269526085,234.84755697411623,-5.52704,QFA455  ,False,False,False,3725.0,11094.72,11452.86,1649051599.836,1649051599.97
1649051610,7c77fc,-35.565032958984375,149.08418655395508,196.39636651628047,234.8112568679961,-5.20192,QFA455  ,False,False,False,3725.0,11041.38,11399.52,1649051609.893,1649051609.893
1649051620,7c77fc,-35.57460021972656,149.06753540039062,196.39636651628047,234.8112568679961,-5.52704,QFA455  ,False,False,False,3725.0,10988.04,11346.18,1649051619.427,1649051619.891
1649051630,7c77fc,-35.58490300582628,149.04964365857714,194.96273799633835,234.88412400752205,-5.8521600000000005,QFA455  ,False,False,False,3725.0,10934.7,11285.22,1649051629.579,1649051629.92
1649051640,7c77fc,-35.59509794590838,149.03182009433178,193.23450725004864,235.08295787796123,-6.1772800000000005,QFA455  ,False,False,False,3725.0,10873.74,11224.26,1649051639.843,1649051639.972
1649051650,7c77fc,-35.60467529296875,149.01512145996094,192.26789615103613,234.6939990584886,-5.8521600000000005,QFA455  ,False,False,False,3725.0,10812.78,11178.54,1649051649.526,1649051649.848
1649051660,7c77fc,-35.61469643802968,148.99780922747675,189.69664726510567,234.7152023166847,-5.20192,QFA455  ,False,False,False,3725.0,10759.44,11109.96,1649051659.469,1649051659.927
1649051670,7c77fc,-35.62470516916051,148.9803947286403,186.53330831354845,234.99503452838707,-5.52704,QFA455  ,False,False,False,3725.0,10706.1,11049.0,1649051669.877,1649051669.939
1649051680,7c77fc,-35.63392639160156,148.96425247192383,183.8372670071746,234.79781740785128,-5.20192,QFA455  ,False,False,False,3725.0,10660.38,11003.28,1649051679.403,1649051679.917
1649051690,7c77fc,-35.64385986328125,148.9471435546875,180.84590845072665,234.7275785514016,-5.20192,QFA455  ,False,False,False,3725.0,10607.04,10949.94,1649051689.938,1649051689.995
1649051700,7c77fc,-35.65283203125,148.93157958984375,179.4119301253268,234.80609275989707,-5.20192,QFA455  ,False,False,False,3725.0,10561.32,10896.6,1649051699.58,1649051699.943
1649051710,7c77fc,-35.662445068359375,148.9148712158203,177.55772144805758,234.7903847231388,-5.8521600000000005,QFA455  ,False,False,False,3725.0,10500.36,10835.64,1649051709.906,1649051709.979
1649051720,7c77fc,-35.6715087890625,148.8991355895996,176.12401882878277,234.8708760202642,-6.502400000000001,QFA455  ,False,False,False,3725.0,10447.02,10782.3,1649051719.81,1649051719.973
1649051730,7c77fc,-35.68033509335277,148.88373841630653,175.82850032105426,235.0079798014413,-5.8521600000000005,QFA455  ,False,False,False,3725.0,10386.06,10713.72,1649051729.554,1649051729.939
1649051740,7c77fc,-35.68977355957031,148.86720657348633,175.7035263980618,234.77434515209225,-5.20192,QFA455  ,False,False,False,3725.0,10332.72,10660.38,1649051739.966,1649051739.968
1649051750,7c77fc,-35.69847106933594,148.85204315185547,175.40729946460027,234.91161505410383,-5.20192,QFA455  ,False,False,False,3725.0,10287.0,10614.66,1649051749.544,1649051749.996
1649051760,7c77fc,-35.70770780918963,148.8358777634641,175.53399199915327,235.14554443389636,-5.52704,QFA455  ,False,False,False,3725.0,10233.66,10561.32,1649051759.659,1649051759.874
1649051770,7c77fc,-35.716461181640625,148.8204002380371,175.95639366645392,235.241278692134,-5.20192,QFA455  ,False,False,False,3725.0,10180.32,10507.98,1649051769.379,1649051769.688
1649051780,7c77fc,-35.725770077462926,148.80397066156917,175.95639366645392,235.241278692134,-4.8768,QFA455  ,False,False,True,3725.0,10126.98,10447.020000000002,1649051779.724,1649051779.996
1649051790,7c77fc,-35.73489431607521,148.7879586727061,175.11208275693537,235.04934858812487,-5.20192,QFA455  ,False,False,False,3725.0,10081.26,10401.3,1649051789.811,1649051789.96
1649051800,7c77fc,-35.74411165916314,148.77188824592753,174.26975584958092,234.85556091681428,-5.20192,QFA455  ,False,False,False,3725.0,10027.92,10347.96,1649051799.816,1649051799.995
1649051810,7c77fc,-35.7528076171875,148.7567138671875,172.41550558955308,234.83991639829748,-5.52704,QFA455  ,False,False,False,3725.0,9974.58,10294.62,1649051809.797,1649051809.906
1649051820,7c77fc,-35.76161530058266,148.741383654006,171.4032915681241,235.02206777251547,-5.52704,QFA455  ,False,False,False,3725.0,9921.24,10233.66,1649051819.671,1649051819.738
1649051830,7c77fc,-35.77061462402344,148.7255859375,171.4032915681241,235.02206777251547,-5.20192,QFA455  ,False,False,False,3725.0,9875.52,10187.94,1649051829.766,1649051829.836
1649051840,7c77fc,-35.77958446438032,148.70976874168883,170.6869064275506,235.06456820725188,-4.8768,QFA455  ,False,False,False,3725.0,9822.18,10134.6,1649051839.944,1649051839.983
1649051850,7c77fc,-35.788238525390625,148.6944580078125,170.39283048111173,235.20638141091436,-5.20192,QFA455  ,False,False,False,3725.0,9776.46,10088.88,1649051849.959,1649051849.96
1649051860,7c77fc,-35.79661560058594,148.67969512939453,169.25442147311009,235.1506482802674,-2.27584,QFA455  ,False,False,False,3725.0,9738.36,10050.78,1649051859.494,1649051859.701
1649051870,7c77fc,-35.805267333984375,148.6644744873047,167.39995112324664,235.13780385308516,0.32512,QFA455  ,False,False,False,3725.0,9745.98,10050.78,1649051869.532,1649051869.982
1649051880,7c77fc,-35.81398656812769,148.64905174742356,166.6838254280433,235.18182234109136,0.32512,QFA455  ,False,False,False,3725.0,9745.98,10050.78,1649051879.821,1649051879.935
1649051890,7c77fc,-35.82257080078125,148.63391876220703,166.6838254280433,235.18182234109136,0.32512,QFA455  ,False,False,False,3725.0,9745.98,10050.78,1649051889.652,1649051889.82
1649051900,7c77fc,-35.830902099609375,148.61932754516602,166.5567568087967,234.9354902405326,0.0,QFA455  ,False,False,False,3725.0,9745.98,10050.78,1649051899.496,1649051899.975
1649051910,7c77fc,-35.84000926906782,148.60335329745678,166.26174278304435,235.08059798754232,0.0,QFA455  ,False,False,False,3725.0,9753.6,10058.4,1649051909.968,1649051909.968
1649051920,7c77fc,-35.84806823730469,148.58922958374023,166.26174278304435,235.08059798754232,0.0,QFA455  ,False,False,False,3725.0,9753.6,10058.4,1649051919.562,1649051919.829
1649051930,7c77fc,-35.85676574707031,148.57389450073242,165.84018171855175,234.9788586961913,0.0,QFA455  ,False,False,False,3725.0,9753.6,10058.4,1649051929.729,1649051929.998
1649051940,7c77fc,-35.86547334315412,148.55858985413897,165.5454893746461,235.12467165539783,0.0,QFA455  ,False,False,False,3725.0,9753.6,10058.4,1649051939.62,1649051939.985
1649051950,7c77fc,-35.87389929819915,148.54380506150267,165.12370246798733,235.0226035324952,0.0,QFA455  ,False,False,False,3725.0,9753.6,10058.4,1649051949.606,1649051949.993
1649051960,7c77fc,-35.88246490995766,148.528669641373,165.12370246798733,235.0226035324952,-0.32512,QFA455  ,False,False,False,3725.0,9753.6,10058.4,1649051959.789,1649051959.916
1649051970,7c77fc,-35.89098396947827,148.51370953499003,164.8293347734058,235.1691283344907,-0.32512,QFA455  ,False,False,False,3725.0,9745.98,10050.78,1649051969.985,1649051969.985
1649051980,7c77fc,-35.89933776855469,148.4988784790039,164.53604891393513,235.31617646258968,0.0,QFA455  ,False,False,False,3725.0,9745.98,10050.78,1649051979.706,1649051979.968
1649051990,7c77fc,-35.90771484375,148.48394393920898,163.8203279740829,235.3617439470968,0.32512,QFA455  ,False,False,False,3725.0,9753.6,10050.78,1649051989.651,1649051989.794
1649052010,7c77fc,-35.924652099609375,148.4538459777832,163.8203279740829,235.3617439470968,-0.32512,QFA455  ,False,False,False,3725.0,9753.6,10058.4,1649052009.813,1649052009.818
1649052020,7c77fc,-35.93292753575213,148.4390843168218,163.8203279740829,235.3617439470968,0.0,QFA455  ,False,False,False,3725.0,9753.6,10058.4,1649052019.676,1649052019.986
1649052030,7c77fc,-35.941306938559364,148.42424108626994,163.39732718896582,235.2592106524404,-0.32512,QFA455  ,False,False,False,3725.0,9745.98,10058.4,1649052029.877,1649052029.877
1649052040,7c77fc,-35.949686341366544,148.40939785571808,163.39732718896582,235.2592106524404,0.0,QFA455  ,False,False,False,3725.0,9745.98,10050.78,1649052039.746,1649052039.987
1649052050,7c77fc,-35.957977294921875,148.39473724365234,162.6814768607662,235.304846468766,0.0,QFA455  ,False,False,False,3725.0,9745.98,10050.78,1649052049.696,1649052049.985
1649052060,7c77fc,-35.96644592285156,148.37968826293945,162.25876925170613,235.201445334658,0.32512,QFA455  ,False,False,False,3725.0,9745.98,10050.78,1649052059.768,1649052059.985
1649052070,7c77fc,-35.97477722167969,148.36492538452148,162.25876925170613,235.201445334658,0.0,QFA455  ,False,False,False,3725.0,9745.98,10050.78,1649052069.927,1649052069.927
1649052080,7c77fc,-35.98315740035753,148.35002493351064,162.25876925170613,235.201445334658,0.0,QFA455  ,False,False,False,3725.0,9753.6,10058.4,1649052079.888,1649052079.888
1649052090,7c77fc,-35.99125671386719,148.33574295043945,162.25876925170613,235.201445334658,0.0,QFA455  ,False,False,False,3725.0,9753.6,10058.4,1649052089.655,1649052089.95
1649052100,7c77fc,-35.99958801269531,148.32098007202148,162.25876925170613,235.201445334658,0.0,QFA455  ,False,False,False,3725.0,9753.6,10058.4,1649052099.715,1649052099.947
1649052110,7c77fc,-36.0076904296875,148.30648868641956,162.6814768607662,235.304846468766,0.0,QFA455  ,False,False,False,3725.0,9753.6,10058.4,1649052109.474,1649052109.883
1649052120,7c77fc,-36.016204833984375,148.29139709472656,162.6814768607662,235.304846468766,0.0,QFA455  ,False,False,False,3725.0,9753.6,10058.4,1649052119.72,1649052119.94
1649052130,7c77fc,-36.02449035644531,148.2765769958496,163.10471156094744,235.40771131249005,0.0,QFA455  ,False,False,False,3725.0,9753.6,10066.02,1649052129.796,1649052129.998
1649052140,7c77fc,-36.03282165527344,148.26169967651367,163.10471156094744,235.40771131249005,0.0,QFA455  ,False,False,False,3725.0,9753.6,10066.02,1649052139.704,1649052139.993
1649052150,7c77fc,-36.04133605957031,148.2465362548828,163.10471156094744,235.40771131249005,0.0,QFA455  ,False,False,False,3725.0,9753.6,10066.02,1649052149.84,1649052149.881
1649052160,7c77fc,-36.049713134765625,148.23165893554688,163.39732718896582,235.2592106524404,0.0,QFA455  ,False,False,False,3725.0,9753.6,10066.02,1649052159.824,1649052159.824
1649052170,7c77fc,-36.05801339876854,148.21690336186836,163.39732718896582,235.2592106524404,0.0,QFA455  ,False,False,False,3725.0,9753.6,10066.02,1649052169.698,1649052169.879
1649052180,7c77fc,-36.06657901052705,148.20170950382314,164.1132802728422,235.21397298507048,0.0,QFA455  ,False,True,True,3725.0,9753.6,10066.02,1649052179.911,1649052179.948
1649052190,7c77fc,-36.07495841333423,148.18674939744017,164.24385068498754,235.46374877791956,0.0,QFA455  ,False,False,False,3725.0,9745.98,10058.4,1649052189.954,1649052189.954
1649052200,7c77fc,-36.08326721191406,148.1719207763672,164.24385068498754,235.46374877791956,0.0,QFA455  ,False,False,False,3725.0,9745.98,10058.4,1649052199.852,1649052199.957
1649052210,7c77fc,-36.09146118164063,148.1572151184082,164.24385068498754,235.46374877791956,0.0,QFA455  ,False,False,False,3725.0,9745.98,10058.4,1649052209.581,1649052209.842
1649052220,7c77fc,-36.09977075609112,148.1423365816157,164.24385068498754,235.46374877791956,0.0,QFA455  ,False,False,False,3725.0,9753.6,10066.02,1649052219.687,1649052219.892
1649052230,7c77fc,-36.10828981561178,148.12702584773936,164.53604891393513,235.31617646258968,0.0,QFA455  ,False,False,False,3725.0,9753.6,10058.4,1649052229.785,1649052229.991
1649052240,7c77fc,-36.116455078125,148.11246871948242,164.53604891393513,235.31617646258968,0.0,QFA455  ,False,False,False,3725.0,9753.6,10058.4,1649052239.802,1649052239.947
1649052250,7c77fc,-36.12514172570184,148.0969887591423,164.95933840726786,235.41785574926664,-0.32512,QFA455  ,False,False,False,3725.0,9753.6,10058.4,1649052249.831,1649052249.961
1649052260,7c77fc,-36.13338147179559,148.082203966506,164.95933840726786,235.41785574926664,0.0,QFA455  ,False,False,False,3725.0,9753.6,10058.4,1649052259.501,1649052259.881
1649052270,7c77fc,-36.141714322364976,148.06730229803858,165.38314475355844,235.5190142320215,0.0,QFA455  ,False,False,False,3725.0,9753.6,10058.4,1649052269.461,1649052269.956
1649052280,7c77fc,-36.15046691894531,148.05152893066406,165.51751028296468,235.76662671169865,0.0,QFA455  ,False,False,False,3725.0,9745.98,10050.78,1649052279.985,1649052279.985
1649052290,7c77fc,-36.15838623046875,148.03716659545898,165.09244581203615,235.66618675984483,0.0,QFA455  ,False,False,False,3725.0,9745.98,10050.78,1649052289.38,1649052289.78
1649052300,7c77fc,-36.16694563526221,148.02172072390294,165.09244581203615,235.66618675984483,0.0,QFA455  ,False,False,False,3725.0,9753.6,10058.4,1649052299.56,1649052299.847
1649052310,7c77fc,-36.175511247020665,148.0062931141955,165.38314475355844,235.5190142320215,0.0,QFA455  ,False,False,False,3725.0,9753.6,10058.4,1649052309.838,1649052309.997
1649052320,7c77fc,-36.18379754535226,147.9915083215592,165.38314475355844,235.5190142320215,-0.32512,QFA455  ,False,False,False,3725.0,9753.6,10058.4,1649052319.62,1649052319.999
1649052330,7c77fc,-36.192549366062,147.9757300843584,165.67493104936278,235.37235913922476,0.0,QFA455  ,False,False,False,3725.0,9753.6,10058.4,1649052329.971,1649052329.971
1649052340,7c77fc,-36.200592041015625,147.9613494873047,166.09850488274216,235.47319793191397,0.0,QFA455  ,False,False,False,3725.0,9753.6,10058.4,1649052339.44,1649052339.888
1649052350,7c77fc,-36.20942687988281,147.945556640625,166.09850488274216,235.47319793191397,0.0,QFA455  ,False,False,False,3725.0,9745.98,10050.78,1649052349.932,1649052349.979
1649052360,7c77fc,-36.21748352050781,147.93107986450195,166.09850488274216,235.47319793191397,0.0,QFA455  ,False,False,False,3725.0,9745.98,10050.78,1649052359.364,1649052359.616
1649052370,7c77fc,-36.22618103027344,147.91540145874023,166.52259058641806,235.5735234185609,0.32512,QFA455  ,False,False,False,3725.0,9745.98,10050.78,1649052369.747,1649052369.895
1649052380,7c77fc,-36.23478698730469,147.89983749389648,166.52259058641806,235.5735234185609,0.0,QFA455  ,False,False,False,3725.0,9753.6,10058.4,1649052379.902,1649052379.94
1649052390,7c77fc,-36.24284362792969,147.88536071777344,166.94718425957225,235.67333889805676,0.0,QFA455  ,False,False,False,3725.0,9753.6,10058.4,1649052389.395,1649052389.787
1649052400,7c77fc,-36.25148449913934,147.86972370553525,166.8139703097577,235.4277746153601,0.0,QFA455  ,False,False,False,3725.0,9753.6,10058.4,1649052399.57,1649052399.8
1649052410,7c77fc,-36.260003558659946,147.85441297165892,167.23782421178674,235.52778611996357,0.0,QFA455  ,False,False,False,3725.0,9753.6,10058.4,1649052409.725,1649052409.781
1649052420,7c77fc,-36.26870882713189,147.8388100482048,167.23782421178674,235.52778611996357,0.0,QFA455  ,False,False,False,3725.0,9753.6,10058.4,1649052419.783,1649052419.982
1649052430,7c77fc,-36.277130126953125,147.8235626220703,167.6621850893591,235.62729165882524,0.0,QFA455  ,False,False,False,3725.0,9753.6,10058.4,1649052429.676,1649052429.997
1649052440,7c77fc,-36.285933155124496,147.80777951504322,167.6621850893591,235.62729165882524,0.32512,QFA455  ,False,False,False,3725.0,9753.6,10058.4,1649052439.939,1649052439.939
1649052450,7c77fc,-36.29445221464516,147.79235190533578,167.95316349830895,235.48243839755992,0.0,QFA455  ,False,False,False,3725.0,9753.6,10058.4,1649052449.919,1649052449.919
1649052460,7c77fc,-36.302764892578125,147.7774429321289,168.3772932915659,235.5816355209438,0.0,QFA455  ,False,False,False,3725.0,9753.6,10058.4,1649052459.608,1649052459.946
1649052470,7c77fc,-36.31150817871094,147.7617073059082,168.6686071016283,235.43747535111817,0.0,QFA455  ,False,False,False,3725.0,9753.6,10058.4,1649052469.869,1649052469.869
1649052480,7c77fc,-36.32011413574219,147.74625778198242,168.80192525133288,235.68033386560992,0.0,QFA455  ,False,False,False,3725.0,9745.98,10050.78,1649052479.796,1649052479.992
1649052490,7c77fc,-36.3282956915387,147.7313427214927,168.80192525133288,235.68033386560992,0.0,QFA455  ,False,False,False,3725.0,9745.98,10050.78,1649052489.495,1649052489.9
1649052500,7c77fc,-36.337188720703125,147.7152442932129,168.5124124461026,235.8247977554545,0.32512,QFA455  ,False,False,False,3725.0,9745.98,10050.78,1649052499.876,1649052499.96
1649052510,7c77fc,-36.34529113769531,147.70048141479492,168.5124124461026,235.8247977554545,0.32512,QFA455  ,False,False,False,3725.0,9753.6,10066.02,1649052509.414,1649052509.832
1649052520,7c77fc,-36.3541259765625,147.6845741271973,167.99018960242617,234.8498634003608,-0.97536,QFA455  ,False,False,False,3725.0,9753.6,10066.02,1649052519.733,1649052519.922
1649052530,7c77fc,-36.363768496755824,147.66998291015625,166.73383212462306,227.25064089703756,-2.92608,QFA455  ,False,False,False,3725.0,9753.6,10066.02,1649052529.968,1649052529.997
1649052540,7c77fc,-36.3749410338321,147.65747719622675,166.95273253410235,218.49437335431637,-3.2512000000000003,QFA455  ,False,False,False,3725.0,9753.6,10066.02,1649052539.673,1649052539.93
1649052550,7c77fc,-36.3875101380429,147.64730899891956,167.49873197940144,209.6357466108064,-2.92608,QFA455  ,False,False,False,3725.0,9753.6,10066.02,1649052549.932,1649052549.986
1649052560,7c77fc,-36.40147580938827,147.63930300448803,168.1445084383363,202.48501986983968,-1.30048,QFA455  ,False,False,False,3725.0,9745.98,10058.4,1649052559.979,1649052559.979
1649052570,7c77fc,-36.41483630164197,147.6327579579455,167.75923397036075,201.2141156869941,0.0,QFA455  ,False,False,False,3725.0,9745.98,10058.4,1649052569.522,1649052569.918
1649052580,7c77fc,-36.42903473417641,147.6259791597407,167.5737664865097,201.0501395858329,0.0,QFA455  ,False,False,False,3725.0,9745.98,10058.4,1649052579.662,1649052579.861
1649052590,7c77fc,-36.44352722167969,147.61905670166016,167.5737664865097,201.0501395858329,0.0,QFA455  ,False,False,False,3725.0,9753.6,10066.02,1649052589.792,1649052589.88
1649052600,7c77fc,-36.457305908203125,147.61247634887695,167.5737664865097,201.0501395858329,0.0,QFA455  ,False,False,False,3725.0,9753.6,10066.02,1649052599.693,1649052599.851
1649052610,7c77fc,-36.47153692730405,147.6057012030419,167.5737664865097,201.0501395858329,0.0,QFA455  ,False,False,False,3725.0,9753.6,10066.02,1649052609.724,1649052609.986
1649052620,7c77fc,-36.485316389698085,147.59915615649933,167.5737664865097,201.0501395858329,0.0,QFA455  ,False,False,False,3725.0,9753.6,10066.02,1649052619.685,1649052619.924
1649052630,7c77fc,-36.49998034461072,147.59214360663233,168.05398140365227,200.9871411223425,0.0,QFA455  ,False,False,False,3725.0,9753.6,10066.02,1649052629.953,1649052629.972
1649052640,7c77fc,-36.51365661621094,147.58563995361328,168.05398140365227,200.9871411223425,0.0,QFA455  ,False,False,False,3725.0,9753.6,10066.02,1649052639.662,1649052639.991
1649052650,7c77fc,-36.52791168730141,147.57881976188497,168.2389194968455,201.15071878493305,0.0,QFA455  ,False,False,False,3725.0,9753.6,10066.02,1649052649.894,1649052649.971
1649052660,7c77fc,-36.54234288102492,147.57192408784908,168.71880982827065,201.08768244824915,0.0,QFA455  ,False,False,False,3725.0,9753.6,10066.02,1649052659.995,1649052659.995
1649052670,7c77fc,-36.555936134467686,147.56543747922208,168.71880982827065,201.08768244824915,0.0,QFA455  ,False,False,False,3725.0,9753.6,10066.02,1649052669.499,1649052669.852
1649052680,7c77fc,-36.57051086425781,147.55840301513672,168.90458686185343,201.25050550713323,0.0,QFA455  ,False,False,False,3725.0,9745.98,10058.4,1649052679.876,1649052679.957
1649052690,7c77fc,-36.58396911621094,147.55193710327148,168.71880982827065,201.08768244824915,0.0,QFA455  ,False,False,False,3725.0,9753.6,10066.02,1649052689.431,1649052689.953
1649052700,7c77fc,-36.59871764102223,147.54492577086106,168.71880982827065,201.08768244824915,0.0,QFA455  ,False,False,False,3725.0,9753.6,10066.02,1649052699.772,1649052699.864
1649052710,7c77fc,-36.613037109375,147.5380897521973,168.71880982827065,201.08768244824915,0.0,QFA455  ,False,False,False,3725.0,9753.6,10066.02,1649052709.888,1649052709.971
1649052720,7c77fc,-36.62678864042641,147.53148505028258,168.90458686185343,201.25050550713323,0.0,QFA455  ,False,False,False,3725.0,9753.6,10066.02,1649052719.72,1649052719.882
1649052730,7c77fc,-36.64149914757684,147.5244140625,169.1989032220024,201.02500376093744,0.0,QFA455  ,False,False,False,3725.0,9753.6,10066.02,1649052729.896,1649052729.99
1649052740,7c77fc,-36.65528869628906,147.5177764892578,169.09172493453633,201.41296947487172,0.65024,QFA455  ,False,False,False,3725.0,9753.6,10066.02,1649052739.597,1649052739.92
1649052750,7c77fc,-36.66882531117585,147.51009677318817,168.7078292583372,208.2060912019785,2.92608,QFA455  ,False,False,False,3725.0,9753.6,10066.02,1649052749.366,1649052749.83
1649052760,7c77fc,-36.680975445246304,147.50016232754322,169.44273508126267,218.7141427845193,4.55168,QFA455  ,False,False,False,3725.0,9753.6,10066.02,1649052759.068,1649052759.708
1649052770,7c77fc,-36.69209289550781,147.48624801635742,170.59772851200802,230.2607946458305,3.90144,QFA455  ,False,False,False,3725.0,9753.6,10066.02,1649052769.519,1649052769.94
1649052780,7c77fc,-36.70085325079452,147.46994992519947,172.28882402493133,240.67952412241925,3.5763200000000004,QFA455  ,False,False,False,3725.0,9753.6,10058.4,1649052779.781,1649052779.92
1649052790,7c77fc,-36.70704469842428,147.45271074010972,173.10104179576135,248.00887008282285,0.65024,QFA455  ,False,False,False,3725.0,9745.98,10058.4,1649052789.57,1649052789.966
1649052800,7c77fc,-36.71291028038934,147.43506248961106,172.4584793941221,247.1829268604021,0.0,QFA455  ,False,False,False,3725.0,9745.98,10058.4,1649052799.532,1649052799.653
1649052810,7c77fc,-36.71900862354346,147.41712204953458,172.65862692358385,247.02557023432337,0.0,QFA455  ,False,False,False,3725.0,9753.6,10066.02,1649052809.774,1649052809.863
1649052820,7c77fc,-36.725189208984375,147.3992156982422,172.86007373769132,246.8685791853725,0.0,QFA455  ,False,False,False,3725.0,9753.6,10066.02,1649052819.82,1649052819.926
1649052830,7c77fc,-36.73109436035156,147.3819923400879,172.86007373769132,246.8685791853725,0.0,QFA455  ,False,False,False,3725.0,9753.6,10066.02,1649052829.437,1649052829.811
1649052840,7c77fc,-36.7374898619571,147.36353448096742,172.86007373769132,246.8685791853725,0.0,QFA455  ,False,False,False,3725.0,9753.6,10058.4,1649052839.904,1649052839.962
1649052850,7c77fc,-36.743448548397794,147.346119982131,172.86007373769132,246.8685791853725,0.0,QFA455  ,False,False,False,3725.0,9745.98,10058.4,1649052849.702,1649052849.772
1649052860,7c77fc,-36.749267578125,147.32906341552734,172.65862692358385,247.02557023432337,0.0,QFA455  ,False,False,False,3725.0,9753.6,10066.02,1649052859.253,1649052859.958
1649052870,7c77fc,-36.755598682468246,147.31053129155586,172.65862692358385,247.02557023432337,0.0,QFA455  ,False,False,False,3725.0,9753.6,10066.02,1649052869.687,1649052869.86
1649052880,7c77fc,-36.76165047338452,147.29276616522608,172.65862692358385,247.02557023432337,0.0,QFA455  ,False,False,False,3725.0,9753.6,10066.02,1649052879.876,1649052879.928
1649052890,7c77fc,-36.76776123046875,147.27481842041016,172.4584793941221,247.1829268604021,0.0,QFA455  ,False,False,False,3725.0,9753.6,10066.02,1649052889.888,1649052889.893
1649052900,7c77fc,-36.77356784626591,147.25770341589097,172.93278200609623,247.2490236572124,0.0,QFA455  ,False,False,False,3725.0,9753.6,10066.02,1649052899.464,1649052899.948
1649052910,7c77fc,-36.77993774414063,147.23882675170898,172.93278200609623,247.2490236572124,0.0,QFA455  ,False,False,False,3725.0,9753.6,10066.02,1649052909.99,1649052909.99
1649052920,7c77fc,-36.78557832362287,147.22205628740028,172.93278200609623,247.2490236572124,0.0,QFA455  ,False,False,False,3725.0,9753.6,10066.02,1649052919.503,1649052919.841
1649052930,7c77fc,-36.79197692871094,147.20317840576172,172.93278200609623,247.2490236572124,0.0,QFA455  ,False,False,False,3725.0,9753.6,10066.02,1649052929.898,1649052929.898
1649052940,7c77fc,-36.797635353217686,147.18640915890958,172.93278200609623,247.2490236572124,0.0,QFA455  ,False,False,False,3725.0,9753.6,10066.02,1649052939.262,1649052939.73
1649052950,7c77fc,-36.80401611328125,147.16747283935547,172.93278200609623,247.2490236572124,0.0,QFA455  ,False,False,False,3725.0,9753.6,10073.64,1649052949.898,1649052949.898
1649052960,7c77fc,-36.80987859176378,147.15023608917886,172.93278200609623,247.2490236572124,0.0,QFA455  ,False,False,False,3725.0,9745.98,10066.020000000002,1649052959.751,1649052959.991
1649052970,7c77fc,-36.81605529785156,147.1318817138672,172.4584793941221,247.1829268604021,0.0,QFA455  ,False,False,False,3725.0,9745.98,10066.020000000002,1649052969.936,1649052969.936
1649052980,7c77fc,-36.82182312011719,147.11477279663086,172.4584793941221,247.1829268604021,0.0,QFA455  ,False,False,False,3725.0,9753.6,10073.64,1649052979.558,1649052979.83
1649052990,7c77fc,-36.82770809884801,147.09734977559842,172.4584793941221,247.1829268604021,0.0,QFA455  ,False,False,False,3725.0,9753.6,10073.64,1649052989.334,1649052989.919
1649053000,7c77fc,-36.83389954647777,147.07900027011303,172.4584793941221,247.1829268604021,0.0,QFA455  ,False,False,False,3725.0,9753.6,10073.64,1649052999.787,1649052999.903
1649053010,7c77fc,-36.83976512844282,147.06170264710772,172.4584793941221,247.1829268604021,0.0,QFA455  ,False,False,False,3725.0,9753.6,10073.64,1649053009.326,1649053009.835
1649053020,7c77fc,-36.84562683105469,147.04444885253906,172.93278200609623,247.2490236572124,0.0,QFA455  ,False,False,False,3725.0,9753.6,10073.64,1649053019.142,1649053019.426
1649053030,7c77fc,-36.852081298828125,147.02535426363033,172.93278200609623,247.2490236572124,0.0,QFA455  ,False,False,False,3725.0,9753.6,10073.64,1649053029.753,1649053029.978
1649053040,7c77fc,-36.85824636685646,147.0069818911345,172.93278200609623,247.2490236572124,0.0,QFA455  ,False,False,False,3725.0,9753.6,10073.64,1649053039.968,1649053039.968
1649053050,7c77fc,-36.86407470703125,146.98964869722408,172.93278200609623,247.2490236572124,0.0,QFA455  ,False,False,False,3725.0,9753.6,10073.64,1649053049.677,1649053049.993
1649053060,7c77fc,-36.86988830566406,146.97235107421875,172.93278200609623,247.2490236572124,0.0,QFA455  ,False,False,False,3725.0,9753.6,10073.64,1649053059.371,1649053059.913
1649053070,7c77fc,-36.8760293217029,146.95414004118547,172.73448428562773,247.4063874118696,0.0,QFA455  ,False,False,False,3725.0,9753.6,10073.64,1649053069.627,1649053069.848
1649053080,7c77fc,-36.88201904296875,146.93617800448803,172.25963567820114,247.34064795999413,0.0,QFA455  ,False,False,False,3725.0,9753.6,10073.64,1649053079.695,1649053079.921
1649053090,7c77fc,-36.88783264160156,146.91888038148272,172.25963567820114,247.34064795999413,0.0,QFA455  ,False,False,False,3725.0,9753.6,10073.64,1649053089.812,1649053089.941
1649053100,7c77fc,-36.89378356933594,146.90111525515294,172.062100296081,247.49873240227203,0.0,QFA455  ,False,False,False,3725.0,9753.6,10073.64,1649053099.471,1649053099.852
1649053110,7c77fc,-36.89981751522777,146.88296774159306,172.062100296081,247.49873240227203,0.0,QFA455  ,False,False,False,3725.0,9753.6,10073.64,1649053109.642,1649053109.946
1649053120,7c77fc,-36.90577620166846,146.86517466669497,171.58693331988226,247.43299092212536,0.0,QFA455  ,False,False,False,3725.0,9753.6,10073.64,1649053119.664,1649053119.859
1649053130,7c77fc,-36.91159057617188,146.847761438248,171.58693331988226,247.43299092212536,0.0,QFA455  ,False,False,False,3725.0,9745.98,10066.020000000002,1649053129.452,1649053129.978
1649053140,7c77fc,-36.91767883300781,146.82952880859375,171.58693331988226,247.43299092212536,0.0,QFA455  ,False,False,False,3725.0,9753.6,10073.64,1649053139.672,1649053139.825
1649053150,7c77fc,-36.92372131347656,146.81147149268617,171.11199349900372,247.3668844093852,0.0,QFA455  ,False,False,False,3725.0,9753.6,10073.64,1649053149.881,1649053149.911
1649053160,7c77fc,-36.929471290717686,146.79430090862772,171.11199349900372,247.3668844093852,0.0,QFA455  ,False,False,False,3725.0,9745.98,10066.020000000002,1649053159.651,1649053159.85
1649053170,7c77fc,-36.93534851074219,146.77681780875997,170.63728273018978,247.30040999277372,0.0,QFA455  ,False,False,False,3725.0,9745.98,10066.020000000002,1649053169.633,1649053169.946
1649053180,7c77fc,-36.94134211136122,146.75901330035666,170.63728273018978,247.30040999277372,0.0,QFA455  ,False,False,False,3725.0,9745.98,10066.020000000002,1649053179.81,1649053179.824
1649053190,7c77fc,-36.94725036621094,146.74122911818486,169.96438768374668,247.393475163363,0.0,QFA455  ,False,False,False,3725.0,9745.98,10066.020000000002,1649053189.628,1649053189.862
1649053200,7c77fc,-36.95321293200476,146.72342715056047,169.96438768374668,247.393475163363,0.0,QFA455  ,False,False,False,3725.0,9745.98,10066.020000000002,1649053199.729,1649053199.859
1649053210,7c77fc,-36.95917161844545,146.7055146590523,169.96438768374668,247.393475163363,0.0,QFA455  ,False,False,False,3725.0,9753.6,10073.64,1649053209.964,1649053209.964
1649053220,7c77fc,-36.96503720041051,146.6879604173743,169.76729945881667,247.55375809479804,0.0,QFA455  ,False,False,False,3725.0,9753.6,10073.64,1649053219.946,1649053219.946
1649053230,7c77fc,-36.970623468948645,146.67106296705165,169.76729945881667,247.55375809479804,0.0,QFA455  ,False,False,False,3725.0,9745.98,10073.64,1649053229.672,1649053229.97
1649053240,7c77fc,-36.97662870762713,146.65315047554347,169.96438768374668,247.393475163363,0.0,QFA455  ,False,False,False,3725.0,9745.98,10066.020000000002,1649053239.879,1649053239.899
1649053250,7c77fc,-36.98254084182997,146.63535740064538,169.76729945881667,247.55375809479804,0.0,QFA455  ,False,False,False,3725.0,9745.98,10066.020000000002,1649053249.975,1649053249.975
1649053260,7c77fc,-36.98822021484375,146.61816140879756,168.81681897402925,247.4204274359737,-1.95072,QFA455  ,False,False,False,3725.0,9738.36,10066.02,1649053259.702,1649053259.999
1649053270,7c77fc,-36.99407958984375,146.6005690554355,167.66928813172893,247.447748638125,-7.152640000000001,QFA455  ,False,False,False,3725.0,9677.4,10005.06,1649053269.83,1649053269.98
1649053280,7c77fc,-36.99962551310915,146.58370971679688,166.99711209429682,247.5430610000579,-9.10336,QFA455  ,False,False,False,3725.0,9593.58,9921.24,1649053279.696,1649053279.995
1649053290,7c77fc,-37.00547790527344,146.566090685256,166.99711209429682,247.5430610000579,-9.42848,QFA455  ,False,False,False,3725.0,9502.14,9837.42,1649053289.861,1649053289.891
1649053300,7c77fc,-37.0113566770392,146.54818327530572,167.27738184987615,247.7732156143502,-10.07872,QFA455  ,False,False,False,3725.0,9403.08,9730.740000000002,1649053299.992,1649053299.998
1649053310,7c77fc,-37.01689639333955,146.53134553328803,166.80127771824334,247.7063708403059,-8.77824,QFA455  ,False,False,False,3725.0,9319.26,9639.3,1649053309.652,1649053309.85
1649053320,7c77fc,-37.02248266187769,146.51444808296534,166.325401919208,247.639143473394,-8.45312,QFA455  ,False,False,False,3725.0,9235.44,9555.48,1649053319.541,1649053319.909
1649053330,7c77fc,-37.02818298339844,146.49725082072806,165.3743432024931,247.5035284997674,-8.45312,QFA455  ,False,False,False,3725.0,9159.24,9471.66,1649053329.523,1649053329.976
1649053340,7c77fc,-37.03393451238082,146.47993668265966,165.3743432024931,247.5035284997674,-8.77824,QFA455  ,False,False,False,3725.0,9067.8,9380.22,1649053339.72,1649053339.988
1649053350,7c77fc,-37.03985595703125,146.4621296334774,164.8991642810185,247.43513458343512,-8.45312,QFA455  ,False,False,False,3725.0,8983.98,9296.4,1649053349.996,1649053349.996
1649053360,7c77fc,-37.04529325840838,146.4457835321841,164.2269307471239,247.53200302754047,-8.45312,QFA455  ,False,False,False,3725.0,8900.16,9212.58,1649053359.597,1649053359.896
1649053370,7c77fc,-37.05097263142216,146.42858754033628,163.75165459945595,247.4632124894072,-8.45312,QFA455  ,False,False,False,3725.0,8823.960000000001,9128.76,1649053369.756,1649053369.846
1649053380,7c77fc,-37.05661010742188,146.41169771235042,163.07955942384882,247.56087823636855,-8.45312,QFA455  ,False,False,False,3725.0,8740.140000000001,9044.94,1649053379.728,1649053379.994
1649053390,7c77fc,-37.06223827297407,146.3946135147758,162.6041847980306,247.4916866842169,-8.45312,QFA455  ,False,False,False,3725.0,8656.32,8961.119999999999,1649053389.883,1649053389.997
1649053400,7c77fc,-37.06768798828125,146.37815434881983,161.93223010699265,247.59016262850676,-8.128,QFA455  ,False,False,False,3725.0,8580.12,8877.300000000001,1649053399.543,1649053399.843
1649053410,7c77fc,-37.07331770557471,146.36123657226562,160.36466343432207,246.5600639065651,-9.7536,QFA455  ,False,False,False,3725.0,8496.300000000001,8793.480000000001,1649053409.696,1649053409.993
1649053420,7c77fc,-37.079928123344814,146.34481678838316,159.0564012449598,241.6113865905672,-9.7536,QFA455  ,False,False,False,3725.0,8412.48,8709.66,1649053419.939,1649053419.995
1649053430,7c77fc,-37.08719027244439,146.32959117060122,157.39380340494756,237.1410006339709,-9.42848,QFA455  ,False,False,False,3725.0,8336.28,8625.84,1649053429.902,1649053429.98
1649053440,7c77fc,-37.09487915039063,146.3152167137633,156.66488064040595,236.51865934487947,-8.128,QFA455  ,False,False,False,3725.0,8260.08,8549.64,1649053439.728,1649053439.987
1649053450,7c77fc,-37.102569580078125,146.30066567278925,156.23605839594356,236.414582183243,-8.128,QFA455  ,False,False,False,3725.0,8183.88,8465.82,1649053449.603,1649053449.85
1649053460,7c77fc,-37.11021423339844,146.28623150764628,155.66925832301584,236.73005898281923,-7.80288,QFA455  ,False,False,False,3725.0,8107.68,8389.62,1649053459.453,1649053459.972
1649053470,7c77fc,-37.11817932128906,146.27103764960108,155.3876377534385,236.888658039628,-8.128,QFA455  ,False,False,False,3725.0,8023.860000000001,8305.800000000001,1649053469.858,1649053469.948
1649053480,7c77fc,-37.12564086914063,146.25672036028925,154.95698883522533,236.7847485062628,-8.128,QFA455  ,False,False,False,3725.0,7947.660000000001,8229.6,1649053479.639,1649053479.864
1649053490,7c77fc,-37.13332354012186,146.24205879543138,154.52685241220937,236.68026014856636,-8.128,QFA455  ,False,False,False,3725.0,7871.46,8145.78,1649053489.86,1649053489.995
1649053500,7c77fc,-37.14105121159957,146.22743026069972,154.0972327760223,236.5751888173962,-7.80288,QFA455  ,False,False,False,3725.0,7795.26,8069.58,1649053499.861,1649053499.898
1649053510,7c77fc,-37.14848327636719,146.21347630277594,153.23956124515675,236.36328048422104,-8.128,QFA455  ,False,False,False,3725.0,7719.06,7985.76,1649053509.618,1649053509.995
1649053520,7c77fc,-37.15631103515625,146.19869151013964,152.95519741291042,236.5237217038973,-7.80288,QFA455  ,False,False,False,3725.0,7642.860000000001,7909.56,1649053519.853,1649053519.945
1649053530,7c77fc,-37.163909912109375,146.18443265874336,152.24239867550895,236.5784205721174,-7.80288,QFA455  ,False,False,False,3725.0,7566.660000000001,7825.740000000001,1649053529.858,1649053529.98
1649053540,7c77fc,-37.17135671841896,146.17028941278872,152.24239867550895,236.5784205721174,-8.128,QFA455  ,False,False,False,3725.0,7490.46,7749.54,1649053539.681,1649053539.985
1649053550,7c77fc,-37.17906188964844,146.15573964220414,151.81328732462308,236.47148029643395,-7.80288,QFA455  ,False,False,False,3725.0,7414.26,7673.34,1649053549.98,1649053549.984
1649053560,7c77fc,-37.18634033203125,146.14194829413233,151.10035626342375,236.52634609834,-7.80288,QFA455  ,False,False,False,3725.0,7338.06,7589.52,1649053559.802,1649053559.974
1649053570,7c77fc,-37.19356213585809,146.12819505774456,150.81722336564437,236.6893691754392,-7.477760000000001,QFA455  ,False,False,False,3725.0,7261.860000000001,7513.320000000001,1649053569.343,1649053569.971
1649053580,7c77fc,-37.20142946404928,146.11320827318275,150.81722336564437,236.6893691754392,-5.8521600000000005,QFA455  ,False,False,False,3725.0,7208.52,7452.360000000001,1649053579.925,1649053579.982
1649053590,7c77fc,-37.208770751953125,146.0992886157746,151.95965204620404,236.74031521121185,-6.1772800000000005,QFA455  ,False,False,False,3725.0,7155.18,7399.02,1649053589.778,1649053589.976
1649053600,7c77fc,-37.21623229980469,146.085205078125,153.38456497412963,236.62971955066388,-6.1772800000000005,QFA455  ,False,False,False,3725.0,7094.22,7330.44,1649053599.535,1649053599.835
1649053610,7c77fc,-37.22383117675781,146.07065403715094,154.52685241220937,236.68026014856636,-6.502400000000001,QFA455  ,False,False,False,3725.0,7025.64,7269.48,1649053609.669,1649053609.967
1649053620,7c77fc,-37.23140910520391,146.05612713357678,154.81003887561283,236.5211601973042,-7.477760000000001,QFA455  ,False,False,False,3725.0,6957.06,7193.280000000001,1649053619.579,1649053619.989
1649053630,7c77fc,-37.23939514160156,146.0411428897939,154.52685241220937,236.68026014856636,-7.477760000000001,QFA455  ,False,False,False,3725.0,6888.4800000000005,7132.320000000001,1649053629.733,1649053629.966
1649053640,7c77fc,-37.24681091308594,146.02705935214428,154.52685241220937,236.68026014856636,-7.80288,QFA455  ,False,False,False,3725.0,6812.280000000001,7040.880000000001,1649053639.608,1649053639.974
1649053650,7c77fc,-37.25440591068593,146.01259977921197,153.8144545686193,236.73512525859917,-8.128,QFA455  ,False,False,False,3725.0,6736.08,6979.920000000001,1649053649.558,1649053649.927
1649053660,7c77fc,-37.26199392545021,145.99809066109034,153.5328792946787,236.89564959292008,-7.80288,QFA455  ,False,False,False,3725.0,6659.88,6880.860000000001,1649053659.58,1649053659.846
1649053670,7c77fc,-37.2696533203125,145.98334779130653,153.10219907818282,236.7905009020314,-7.80288,QFA455  ,False,False,False,3725.0,6583.68,6804.66,1649053669.716,1649053669.976
1649053680,7c77fc,-37.2774027161679,145.96847534179688,152.82104324374416,236.95187513002475,-7.80288,QFA455  ,False,False,False,3725.0,6507.4800000000005,6743.700000000001,1649053679.997,1649053679.997
1649053690,7c77fc,-37.284576416015625,145.95483008851397,152.67203740664146,236.6847593291612,-7.80288,QFA455  ,False,False,False,3725.0,6438.900000000001,6652.26,1649053689.599,1649053689.919
1649053700,7c77fc,-37.29211322331832,145.94047214673913,152.24239867550895,236.5784205721174,-7.477760000000001,QFA455  ,False,False,False,3725.0,6362.700000000001,6576.06,1649053699.574,1649053699.89
1649053710,7c77fc,-37.29991149902344,145.92561113073472,151.95965204620404,236.74031521121185,-6.502400000000001,QFA455  ,False,False,False,3725.0,6301.740000000001,6515.1,1649053709.998,1649053709.998
1649053720,7c77fc,-37.30723571777344,145.91164446891622,153.10219907818282,236.7905009020314,-7.477760000000001,QFA455  ,False,False,False,3725.0,6233.160000000001,6438.900000000001,1649053719.759,1649053719.965
1649053730,7c77fc,-37.31488037109375,145.89709342794217,155.66925832301584,236.73005898281923,-8.128,QFA455  ,False,False,False,3725.0,6156.96,6355.08,1649053729.576,1649053729.971
1649053740,7c77fc,-37.32279968261719,145.8819580078125,158.5197226966855,236.5162170174864,-8.45312,QFA455  ,False,False,False,3725.0,6073.14,6271.26,1649053739.737,1649053739.99
1649053750,7c77fc,-37.33070502846931,145.86715034816575,159.94576079231183,236.4121549873488,-8.45312,QFA455  ,False,False,False,3725.0,5989.320000000001,6179.820000000001,1649053749.758,1649053749.968
1649053760,7c77fc,-37.33863830566406,145.851979357131,160.5213670448244,236.76828893202065,-9.10336,QFA455  ,False,False,False,3725.0,5905.5,6096.0,1649053759.683,1649053759.946
1649053770,7c77fc,-37.34651184082031,145.837019250748,160.5213670448244,236.76828893202065,-9.10336,QFA455  ,False,False,False,3725.0,5821.68,6012.18,1649053769.766,1649053769.937
1649053780,7c77fc,-37.35466003417969,145.8214163272939,160.5213670448244,236.76828893202065,-9.10336,QFA455  ,False,False,False,3725.0,5730.240000000001,5913.120000000001,1649053779.878,1649053779.994
1649053790,7c77fc,-37.36244201660156,145.80657309674203,160.80387162544588,236.61496479806544,-9.10336,QFA455  ,False,False,False,3725.0,5646.42,5829.3,1649053789.66,1649053789.984
1649053800,7c77fc,-37.37054443359375,145.79108704911903,161.23367655291807,236.7155595345078,-9.7536,QFA455  ,False,False,False,3725.0,5554.9800000000005,5730.240000000001,1649053799.868,1649053799.987
1649053810,7c77fc,-37.37860728118381,145.77573693316916,161.23367655291807,236.7155595345078,-9.7536,QFA455  ,False,False,False,3725.0,5463.54,5638.8,1649053809.983,1649053809.983
1649053820,7c77fc,-37.3861083984375,145.7612837121842,160.9519263723717,236.8686502021757,-9.7536,QFA455  ,False,False,False,3725.0,5372.1,5539.740000000001,1649053819.579,1649053819.96
1649053830,7c77fc,-37.39421081542969,145.74585610247672,160.5213670448244,236.76828893202065,-9.7536,QFA455  ,False,False,False,3725.0,5273.04,5440.68,1649053829.761,1649053829.98
1649053840,7c77fc,-37.40217590332031,145.73072068234708,160.80387162544588,236.61496479806544,-9.7536,QFA455  ,False,False,False,3725.0,5181.6,5341.620000000001,1649053839.637,1649053839.929
1649053850,7c77fc,-37.41009521484375,145.71552682430186,160.5213670448244,236.76828893202065,-9.10336,QFA455  ,False,False,False,3725.0,5090.16,5250.18,1649053849.687,1649053849.986
1649053860,7c77fc,-37.41792297363281,145.7005667179189,159.80919470300825,236.82148834060723,-8.77824,QFA455  ,False,False,False,3725.0,5006.34,5158.74,1649053859.58,1649053859.96
1649053870,7c77fc,-37.42590435480668,145.68515943444294,159.5282466221794,236.97613244420336,-9.10336,QFA455  ,False,False,False,3725.0,4914.900000000001,5082.540000000001,1649053869.731,1649053869.919
1649053880,7c77fc,-37.43385314941406,145.67000368808178,159.0971613694767,236.8751639797001,-8.45312,QFA455  ,False,False,False,3725.0,4831.08,4975.86,1649053879.946,1649053879.995
1649053890,7c77fc,-37.441126936573085,145.65548440684444,159.08302128489387,239.70355182376156,-5.52704,QFA455  ,False,False,False,3725.0,4747.26,4892.04,1649053889.446,1649053889.938
1649053900,7c77fc,-37.44703907077599,145.6382884149966,159.42784732355085,251.565051177078,-5.20192,QFA455  ,False,False,False,3725.0,4663.4400000000005,4808.22,1649053899.911,1649053899.962
1649053910,7c77fc,-37.44978565280724,145.6211521314538,160.20615460589923,261.505624210191,-6.1772800000000005,QFA455  ,False,False,False,3725.0,4587.24,4724.4,1649053909.795,1649053909.943
1649053920,7c77fc,-37.45005798339844,145.60344290226064,158.99316078744806,271.1123996162978,-8.45312,QFA455  ,False,False,False,3725.0,4511.04,4648.2,1649053919.755,1649053919.98
1649053930,7c77fc,-37.44983220504503,145.58580481487772,157.43331294184426,270.7489217828238,-8.128,QFA455  ,False,False,False,3725.0,4427.22,4556.76,1649053929.622,1649053929.929
1649053940,7c77fc,-37.4496925483316,145.5673549486243,156.91891303295017,270.7513769830244,-8.128,QFA455  ,False,False,False,3725.0,4343.400000000001,4472.9400000000005,1649053939.969,1649053939.969
1649053950,7c77fc,-37.44955289161811,145.5503977899966,155.88417207019205,270.56726640985795,-8.128,QFA455  ,False,False,False,3725.0,4274.820000000001,4396.740000000001,1649053949.588,1649053949.866
1649053960,7c77fc,-37.44941711425781,145.53267458651928,155.3654948765532,270.37943670141897,-8.128,QFA455  ,False,False,False,3725.0,4191.0,4320.54,1649053959.698,1649053959.95
1649053970,7c77fc,-37.44932013042904,145.5149907651155,154.85106219483055,270.3806972514268,-7.80288,QFA455  ,False,False,False,3725.0,4122.42,4236.72,1649053969.756,1649053969.998
1649053980,7c77fc,-37.449180473715614,145.49791418987772,154.34091646709314,270.57293869768347,-7.80288,QFA455  ,False,False,False,3725.0,4046.22,4160.52,1649053979.627,1649053979.951
1649053990,7c77fc,-37.449005126953125,145.48002202460108,153.3181219551672,270.76902468257805,-8.128,QFA455  ,False,False,False,3725.0,3962.4,4076.7,1649053989.971,1649053989.971
1649054000,7c77fc,-37.448822021484375,145.46342565658244,152.8037244491233,270.771613678736,-7.80288,QFA455  ,False,False,False,3725.0,3893.82,4000.5,1649053999.53,1649053999.872
1649054010,7c77fc,-37.44859313964844,145.44624490940825,151.7827769092686,270.9710219310792,-7.80288,QFA455  ,False,False,False,3725.0,3817.62,3924.3,1649054009.667,1649054009.828
1649054020,7c77fc,-37.44838908567266,145.42895109757134,151.26840703771458,270.9743240911535,-7.80288,QFA455  ,False,False,False,3725.0,3741.42,3840.48,1649054019.676,1649054019.825
1649054030,7c77fc,-37.44813537597656,145.41194185297542,150.24935695469983,271.17714488598205,-7.80288,QFA455  ,False,False,False,3725.0,3665.22,3764.28,1649054029.573,1649054029.987
1649054040,7c77fc,-37.44787701105668,145.39521590523097,148.69656537323334,270.9911775750108,-5.20192,QFA455  ,False,False,False,3725.0,3611.88,3703.32,1649054039.608,1649054039.934
1649054050,7c77fc,-37.4476908021054,145.37801991338316,145.61037301855075,271.01218761398246,-2.60096,QFA455  ,False,False,False,3725.0,3573.78,3672.84,1649054049.962,1649054049.995
1649054060,7c77fc,-37.44745804091633,145.36183896272078,142.00145463737374,270.830315486258,-3.90144,QFA455  ,False,False,False,3725.0,3543.3,3642.36,1649054059.977,1649054059.982
1649054070,7c77fc,-37.447271831965054,145.34589684527853,141.49548188595423,271.04162667601,-12.35456,QFA455  ,False,False,False,3725.0,3451.86,3550.92,1649054069.91,1649054069.911
1649054080,7c77fc,-37.44703907077599,145.33055181088656,141.49548188595423,271.04162667601,-8.128,QFA455  ,False,False,False,3725.0,3360.42,3451.86,1649054079.509,1649054079.953
1649054090,7c77fc,-37.44680630958686,145.31407231869906,139.43805094774302,271.0569977767849,-6.502400000000001,QFA455  ,False,False,False,3725.0,3291.84,3383.28,1649054089.864,1649054089.932
1649054100,7c77fc,-37.446573548397794,145.298548159392,136.86627686495757,271.0768615206026,-6.827520000000001,QFA455  ,False,False,False,3725.0,3223.26,3314.7000000000003,1649054099.877,1649054099.969
1649054110,7c77fc,-37.44630432128906,145.28302781125333,134.81966684820313,271.3118877825041,-7.152640000000001,QFA455  ,False,False,False,3725.0,3162.3,3246.1200000000003,1649054109.966,1649054109.992
1649054120,7c77fc,-37.446075439453125,145.26853520819483,133.26582206552592,271.10595875228853,-6.827520000000001,QFA455  ,False,False,False,3725.0,3093.7200000000003,3192.78,1649054119.623,1649054119.902
1649054130,7c77fc,-37.445892333984375,145.2533413501496,131.19935842691677,270.898683620738,-6.827520000000001,QFA455  ,False,False,False,3725.0,3032.76,3116.5800000000004,1649054129.745,1649054130.0
1649054140,7c77fc,-37.445782160354895,145.23878014605978,129.12954309031562,270.45653041409906,-6.1772800000000005,QFA455  ,False,False,False,3725.0,2971.8,3055.6200000000003,1649054139.696,1649054139.997
1649054150,7c77fc,-37.44566345214844,145.22423926820147,126.55740640243351,270.46580908276496,-2.60096,QFA455  ,False,False,False,3725.0,2941.32,3017.52,1649054149.809,1649054149.858
1649054160,7c77fc,-37.44559595140362,145.21006045134172,122.9531922379675,270.23972989608086,-1.6256000000000002,QFA455  ,False,False,False,3725.0,2933.7000000000003,3002.28,1649054159.851,1649054159.924
1649054170,7c77fc,-37.44557189941406,145.19671500997342,120.89543455674716,270.24381035610406,-2.27584,QFA455  ,False,False,False,3725.0,2910.84,2987.04,1649054169.635,1649054169.999
1649054180,7c77fc,-37.44545629469019,145.18277375594428,119.3609860225622,270.74085240938933,-5.20192,QFA455  ,False,False,False,3725.0,2872.74,2948.94,1649054179.947,1649054179.995
1649054190,7c77fc,-37.44536319021455,145.1698170537534,119.3609860225622,270.74085240938933,-6.502400000000001,QFA455  ,False,False,False,3725.0,2811.78,2887.98,1649054189.583,1649054189.99
1649054200,7c77fc,-37.44513042902543,145.15620356020722,119.37872267009924,271.2346317054041,-6.1772800000000005,QFA455  ,False,False,False,3725.0,2750.82,2819.4,1649054199.595,1649054199.906
1649054210,7c77fc,-37.44485111559851,145.1430080247962,119.40532270147646,271.7282276504985,-6.1772800000000005,QFA455  ,False,False,False,3725.0,2697.48,2781.3,1649054209.402,1649054209.933
1649054220,7c77fc,-37.44456481933594,145.12939453125,119.39091508680616,271.4814571708871,-6.502400000000001,QFA455  ,False,False,False,3725.0,2636.52,2697.48,1649054219.576,1649054219.997
1649054230,7c77fc,-37.44429016113281,145.115895372756,119.39091508680616,271.4814571708871,-6.1772800000000005,QFA455  ,False,False,False,3725.0,2567.94,2628.9,1649054229.53,1649054229.899
1649054240,7c77fc,-37.44401317531782,145.10252579398778,119.39091508680616,271.4814571708871,-6.1772800000000005,QFA455  ,False,False,False,3725.0,2506.98,2575.56,1649054239.444,1649054239.996
1649054250,7c77fc,-37.44383239746094,145.08889705576797,119.3687461301418,270.9877603996398,-6.1772800000000005,QFA455  ,False,False,False,3725.0,2453.6400000000003,2514.6000000000004,1649054249.484,1649054249.98
1649054260,7c77fc,-37.44368730965312,145.0753585152004,118.84101797713885,270.4960549603952,-5.8521600000000005,QFA455  ,False,False,False,3725.0,2392.6800000000003,2453.6400000000003,1649054259.597,1649054259.949
1649054270,7c77fc,-37.44355773925781,145.0617818629488,118.84658521383068,270.7440592028887,-6.1772800000000005,QFA455  ,False,False,False,3725.0,2339.34,2400.3,1649054269.662,1649054269.989
1649054280,7c77fc,-37.44345454846399,145.04825094471806,118.84658521383068,270.7440592028887,-6.1772800000000005,QFA455  ,False,False,False,3725.0,2270.76,2339.34,1649054279.933,1649054279.933
1649054290,7c77fc,-37.44326833951271,145.03553307574728,118.3623739874429,271.4943335912665,-6.1772800000000005,QFA455  ,False,False,False,3725.0,2217.42,2270.76,1649054289.356,1649054289.991
1649054300,7c77fc,-37.442962646484375,145.02134282538233,118.3623739874429,271.4943335912665,-6.1772800000000005,QFA455  ,False,False,False,3725.0,2156.46,2209.8,1649054299.83,1649054299.969
1649054310,7c77fc,-37.44270971265894,145.0081269637398,118.34001235153129,270.9963478965049,-5.8521600000000005,QFA455  ,False,False,False,3725.0,2103.12,2156.46,1649054309.866,1649054309.933
1649054320,7c77fc,-37.44257005594545,144.99505084493887,118.33218478062771,270.74729387682606,-6.1772800000000005,QFA455  ,False,False,False,3725.0,2042.16,2095.5,1649054319.734,1649054319.911
1649054330,7c77fc,-37.442413330078125,144.98183879446478,117.82564647218004,271.00069787785884,-5.8521600000000005,QFA455  ,False,False,False,3725.0,1981.2,2026.92,1649054329.533,1649054329.951
1649054340,7c77fc,-37.442138671875,144.96857338763297,117.8481057088737,271.5008560872934,-6.1772800000000005,QFA455  ,False,False,False,3725.0,1920.24,1965.96,1649054339.475,1649054339.995
1649054350,7c77fc,-37.44187177237819,144.9551059888757,117.8481057088737,271.5008560872934,-6.1772800000000005,QFA455  ,False,False,False,3725.0,1859.28,1905.0,1649054349.663,1649054349.987
1649054360,7c77fc,-37.44209289550781,144.94198413605386,117.5467954244667,266.23596513509426,-5.20192,QFA455  ,False,False,False,3725.0,1798.3200000000002,1844.04,1649054359.585,1649054359.795
1649054370,7c77fc,-37.443695068359375,144.92906935671544,116.83429849824329,259.0858869941892,-5.20192,QFA455  ,False,False,False,3725.0,1752.6,1798.3200000000002,1649054369.533,1649054369.861
1649054380,7c77fc,-37.44573560811705,144.91575821586278,114.02103206723253,259.6026664775636,-2.92608,QFA455  ,False,False,False,3725.0,1714.5,1760.22,1649054379.883,1649054379.963
1649054390,7c77fc,-37.44744873046875,144.90353198761636,111.7243986477414,260.19069775212097,-6.1772800000000005,QFA455  ,False,False,False,3725.0,1661.16,1706.88,1649054389.665,1649054389.928
1649054400,7c77fc,-37.449180473715614,144.89068072775137,110.623404265321,260.36246188706906,-6.502400000000001,QFA455  ,False,False,False,3725.0,1600.2,1645.92,1649054399.976,1649054399.976
1649054410,7c77fc,-37.45083618164063,144.8788127493351,109.60917275601462,260.2724214485984,-5.8521600000000005,QFA455  ,False,False,False,3725.0,1539.24,1592.5800000000002,1649054409.763,1649054409.999
1649054420,7c77fc,-37.45234602588721,144.8672153638757,107.91681493228792,260.6723854893324,-5.20192,QFA455  ,False,False,False,3725.0,1493.52,1539.24,1649054419.373,1649054419.771
1649054430,7c77fc,-37.45404052734375,144.85456101437833,105.88677270247987,260.49191439953904,-2.92608,QFA455  ,False,False,False,3725.0,1447.8000000000002,1493.5200000000002,1649054429.893,1649054429.984
1649054440,7c77fc,-37.45545959472656,144.8436331241689,102.25019371139442,260.44289577832933,-4.8768,QFA455  ,False,False,False,3725.0,1409.7,1447.8,1649054439.518,1649054439.979
1649054450,7c77fc,-37.4570943541446,144.83216658882472,100.90711200593576,259.72128019586773,-5.20192,QFA455  ,False,False,False,3725.0,1356.36,1394.46,1649054449.637,1649054449.956
1649054460,7c77fc,-37.4590961003708,144.82094142747962,99.35563933050202,254.3806078612892,-5.20192,QFA455  ,False,False,False,3725.0,1303.02,1348.74,1649054459.961,1649054459.997
1649054470,7c77fc,-37.46333312988281,144.8116675843584,98.56940357352698,233.4889438805047,-4.55168,QFA455  ,False,False,False,3725.0,1249.68,1295.4,1649054469.437,1649054469.899
1649054480,7c77fc,-37.47065734863281,144.80477191032247,98.53717906324276,208.7059525434011,-4.22656,QFA455  ,False,False,False,3725.0,1196.34,1234.44,1649054479.826,1649054479.827
1649054490,7c77fc,-37.47925321934588,144.80225272800612,99.47942380855676,183.55785186611809,-4.22656,QFA455  ,False,False,False,3725.0,1143.0,1181.1,1649054489.662,1649054489.885
1649054500,7c77fc,-37.48819124900689,144.80362601902175,100.30998434727582,169.9579763644705,-5.20192,QFA455  ,False,False,False,3725.0,1089.66,1135.38,1649054499.761,1649054499.862
1649054510,7c77fc,-37.49693298339844,144.80570691697142,99.29702085707716,169.85445556610367,-5.20192,QFA455  ,False,False,False,3725.0,1043.94,1082.04,1649054509.592,1649054509.963
1649054520,7c77fc,-37.50592765161548,144.80756676715353,97.85936534275174,171.2309377468524,-4.8768,QFA455  ,False,False,False,3725.0,990.6,1028.7,1649054519.922,1649054519.991
1649054530,7c77fc,-37.51451110839844,144.80915475398936,96.68947266496596,171.7405620201212,-4.8768,QFA455  ,False,False,False,3725.0,944.88,982.98,1649054529.745,1649054529.985
1649054540,7c77fc,-37.5230123228946,144.81067159901494,96.18039300616184,171.69653726863694,-5.20192,QFA455  ,False,False,False,3725.0,899.1600000000001,937.26,1649054539.626,1649054539.986
1649054550,7c77fc,-37.531585693359375,144.81225196351397,95.23885529749992,171.30089791537392,-5.20192,QFA455  ,False,False,False,3725.0,845.82,883.9200000000001,1649054549.871,1649054549.961
1649054560,7c77fc,-37.54009699417372,144.81383613918138,94.14465757420672,171.5156778650296,-4.8768,QFA455  ,False,False,False,3725.0,792.48,830.58,1649054559.801,1649054559.965
1649054570,7c77fc,-37.54842984474311,144.8153885551121,93.12715316590923,171.4222834749835,-4.8768,QFA455  ,False,False,False,3725.0,746.76,784.86,1649054569.816,1649054569.983
1649054580,7c77fc,-37.55635070800781,144.81686855884308,92.54274190254446,171.68972283247584,-4.8768,QFA455  ,False,False,False,3725.0,701.0400000000001,731.5200000000001,1649054579.569,1649054579.957
1649054590,7c77fc,-37.564723127979335,144.81837397036347,92.03372966199773,171.64343329350285,-4.8768,QFA455  ,False,False,False,3725.0,647.7,685.8000000000001,1649054589.818,1649054589.937
1649054600,7c77fc,-37.57300942631093,144.81992638629416,90.58451725522237,171.17962044797895,-4.55168,QFA455  ,False,False,False,3725.0,594.36,632.46,1649054599.96,1649054599.99
1649054610,7c77fc,-37.5807370977887,144.82147880222487,87.45548000000001,171.20258929000894,-4.8768,QFA455  ,False,False,False,3725.0,548.64,579.12,1649054609.659,1649054609.86
1649054620,7c77fc,-37.58821105957031,144.8228876641456,84.24953123565449,171.57303097851934,-5.20192,QFA455  ,False,False,False,3725.0,502.92,533.4,1649054619.531,1649054619.894
1649054630,7c77fc,-37.59571838378906,144.82429017411903,80.10307730294961,171.50562421019103,-4.8768,QFA455  ,False,False,False,3725.0,457.2000000000001,487.68000000000006,1649054629.899,1649054629.972
1649054640,7c77fc,-37.60266320180085,144.82559867527175,78.50118769440218,171.71059561097437,-4.22656,QFA455  ,False,False,False,3725.0,411.48,441.96,1649054639.673,1649054639.972
1649054650,7c77fc,-37.609785694187,144.8268525496773,77.99215363138669,171.65610841596688,-3.90144,QFA455  ,False,False,False,3725.0,373.38,403.86,1649054649.946,1649054649.961
1649054660,7c77fc,-37.616546630859375,144.82808863863033,77.99215363138669,171.65610841596688,-3.2512000000000003,QFA455  ,False,False,False,3725.0,342.90000000000003,373.38000000000005,1649054659.561,1649054659.8
1649054670,7c77fc,-37.6234130859375,144.8293742727726,77.99215363138669,171.65610841596688,-3.90144,QFA455  ,False,False,False,3725.0,297.18,327.66,1649054669.671,1649054669.864
1649054680,7c77fc,-37.630641096729335,144.83067388119906,78.06846608184988,171.28254303540035,-3.90144,QFA455  ,False,False,False,3725.0,259.08000000000004,289.56000000000006,1649054679.972,1649054679.972
1649054690,7c77fc,-37.637251514499496,144.83192775560462,77.99215363138669,171.65610841596688,-4.22656,QFA455  ,False,False,False,3725.0,213.36,243.84,1649054689.539,1649054689.606
1649054700,7c77fc,-37.644327454647794,144.83324133831522,77.48319102844282,171.60090535214755,-3.90144,QFA455  ,False,False,False,3725.0,175.26000000000002,205.74,1649054699.654,1649054699.655
1649054710,7c77fc,-37.65065002441406,144.8344583714262,77.48319102844282,171.60090535214755,-3.90144,QFA455  ,False,False,False,3725.0,137.16,167.64,1649054709.476,1649054709.741
1649054720,7c77fc,-37.65802001953125,144.83580244348406,77.05162184800453,171.166585348781,-1.30048,QFA455  ,False,False,False,3725.0,99.06,129.54,1649054719.585,1649054719.586
